# Probe 0 (3.5 0.5 0.05)
#       Probe             0
#        Time
        0.005   1.52802e-13
         0.01  -1.13894e-13
        0.015   1.95981e-13
         0.02  -3.28881e-13
        0.025  -9.35181e-14
         0.03  -8.19868e-14
        0.035   2.81961e-14
         0.04   8.78897e-14
        0.045  -6.62226e-14
         0.05  -5.07244e-14
        0.055   -2.0131e-14
         0.06   8.96893e-14
        0.065   7.77008e-14
         0.07  -2.34575e-13
        0.075    3.5073e-13
         0.08  -6.88226e-14
        0.085  -1.24732e-13
         0.09    -2.069e-14
        0.095   1.03576e-13
          0.1   3.88251e-14
        0.105    1.0963e-13
         0.11  -1.12933e-13
        0.115   3.34896e-14
         0.12  -2.41353e-15
        0.125   2.73416e-14
         0.13  -1.06172e-13
        0.135   1.11357e-14
         0.14  -1.74779e-13
        0.145  -7.94616e-14
         0.15   3.85795e-14
        0.155   1.07985e-14
         0.16  -1.64572e-14
        0.165   1.42248e-13
         0.17    4.5954e-14
        0.175  -7.04712e-15
         0.18   2.93835e-14
        0.185  -3.45617e-14
         0.19   6.71353e-14
        0.195   7.63292e-14
          0.2   1.02476e-14
        0.205   8.23505e-15
         0.21  -3.87478e-14
        0.215   2.83265e-14
         0.22  -5.03918e-14
        0.225   8.58259e-14
         0.23  -9.29276e-14
        0.235   5.46303e-14
         0.24  -1.03271e-13
        0.245   8.03922e-14
         0.25   5.97976e-15
        0.255  -1.10412e-13
         0.26   1.42385e-14
        0.265  -5.04353e-14
         0.27   3.26244e-15
        0.275   2.20095e-14
         0.28  -9.47616e-15
        0.285   6.94209e-14
         0.29    9.0257e-14
        0.295  -6.60607e-15
          0.3   5.94495e-14
        0.305  -8.63096e-14
         0.31   1.50637e-13
        0.315  -8.89007e-14
         0.32   2.62845e-13
        0.325  -3.52994e-14
         0.33   9.63123e-14
        0.335  -1.30685e-13
         0.34   6.04328e-15
        0.345  -1.94105e-14
         0.35   8.96459e-14
        0.355   4.15613e-14
         0.36   -1.3049e-13
        0.365   1.92899e-13
         0.37  -6.19306e-14
        0.375  -5.30932e-14
         0.38  -5.69333e-14
        0.385   6.35646e-14
         0.39  -3.69989e-14
        0.395   1.43202e-13
          0.4  -5.36182e-14
        0.405  -8.94067e-14
         0.41   3.16701e-14
        0.415  -1.03494e-13
         0.42   1.67962e-13
        0.425   -2.2843e-13
         0.43   3.36664e-13
        0.435  -6.32417e-14
         0.44   1.09921e-13
        0.445  -1.59416e-13
         0.45   7.17373e-14
        0.455   5.05963e-14
         0.46  -8.42037e-14
        0.465   4.10362e-14
         0.47  -5.32119e-14
        0.475  -5.04786e-14
         0.48  -2.12321e-14
        0.485   3.16748e-13
         0.49  -4.72666e-14
        0.495   3.71542e-14
          0.5  -4.91747e-14
        0.505    1.2683e-14
         0.51   9.93876e-14
        0.515   2.18931e-14
         0.52   5.96838e-15
        0.525   5.04727e-14
         0.53   1.52599e-13
        0.535   5.32775e-14
         0.54   5.11623e-14
        0.545   2.05838e-14
         0.55   1.35108e-13
        0.555   -2.8504e-14
         0.56  -1.11291e-14
        0.565  -8.24053e-14
         0.57   9.43248e-14
        0.575   2.41245e-14
         0.58  -1.15188e-13
        0.585   2.88661e-14
         0.59   4.09123e-15
        0.595   2.63221e-15
          0.6  -1.67192e-13
        0.605    1.4853e-13
         0.61  -8.11088e-14
        0.615   8.04005e-14
         0.62  -5.33655e-14
        0.625   6.05222e-14
         0.63  -3.31275e-13
        0.635   1.87048e-13
         0.64  -8.83373e-14
        0.645     1.628e-14
         0.65   2.56918e-15
        0.655  -1.67384e-14
         0.66  -8.26861e-14
        0.665   1.59246e-13
         0.67  -3.12592e-13
        0.675   2.53314e-13
         0.68  -8.21331e-14
        0.685   3.97584e-14
         0.69  -7.35767e-14
        0.695  -1.27078e-14
          0.7  -4.54212e-14
        0.705  -1.11944e-13
         0.71  -7.06944e-14
        0.715  -3.04793e-14
         0.72   3.48332e-14
        0.725   6.95593e-15
         0.73  -2.48445e-14
        0.735   1.78844e-14
         0.74  -2.74856e-13
        0.745   1.99414e-13
         0.75   -1.1832e-13
        0.755   1.51484e-13
         0.76  -1.27694e-14
        0.765  -1.11074e-13
         0.77  -1.24845e-14
        0.775  -1.16946e-13
         0.78   2.89934e-13
        0.785  -1.92654e-13
         0.79   2.36889e-13
        0.795  -1.32277e-13
          0.8   2.60368e-13
        0.805  -1.67881e-13
         0.81   2.41871e-13
        0.815  -1.89666e-13
         0.82    2.0863e-13
        0.825   -1.3458e-13
         0.83   4.76048e-14
        0.835  -2.17166e-15
         0.84   1.46865e-13
        0.845  -2.45014e-14
         0.85   1.28257e-13
        0.855  -1.20104e-13
         0.86   2.79277e-13
        0.865  -7.67254e-14
         0.87  -1.26193e-15
        0.875   9.03784e-14
         0.88  -3.80571e-14
        0.885    -5.331e-14
         0.89   2.84088e-14
        0.895   1.40611e-14
          0.9   1.15563e-13
        0.905  -4.18902e-14
         0.91    2.2988e-14
        0.915  -1.24192e-13
         0.92   1.00248e-13
        0.925  -1.68715e-13
         0.93   1.59656e-13
        0.935  -1.05467e-13
         0.94  -3.72671e-14
        0.945  -1.04294e-13
         0.95   9.73807e-14
        0.955  -2.04286e-13
         0.96   1.63793e-13
        0.965  -2.25248e-13
         0.97   2.26778e-13
        0.975  -1.65626e-13
         0.98   1.47268e-13
        0.985  -1.45443e-13
         0.99   1.99385e-13
        0.995  -1.13955e-13
            1  -1.30016e-14
        1.005  -2.29298e-15
         1.01   1.23246e-13
        1.015  -2.42125e-13
         1.02   3.47711e-13
        1.025  -2.44755e-13
         1.03    2.0184e-13
        1.035  -1.50673e-13
         1.04    1.3187e-13
        1.045  -1.42887e-13
         1.05   1.18251e-13
        1.055  -9.71726e-14
         1.06  -7.35696e-16
        1.065  -5.67058e-14
         1.07  -5.46595e-14
        1.075   2.87537e-14
         1.08   5.44974e-15
        1.085   -6.2582e-14
         1.09  -1.87728e-13
        1.095    1.2705e-13
          1.1  -2.94948e-13
        1.105   3.65728e-13
         1.11  -2.67764e-13
        1.115   2.07009e-13
         1.12   9.44277e-14
        1.125      1.09e-13
         1.13   -6.8967e-14
        1.135   6.15383e-14
         1.14   1.79293e-14
        1.145   8.08272e-14
         1.15   -6.0944e-14
        1.155  -1.13846e-13
         1.16   8.59071e-14
        1.165  -2.84654e-14
         1.17   6.28496e-14
        1.175   2.12928e-13
         1.18  -1.44519e-13
        1.185   1.94232e-14
         1.19   1.16162e-13
        1.195   3.44856e-14
          1.2  -3.33764e-14
        1.205  -6.37562e-14
         1.21   1.28087e-13
        1.215  -4.12072e-14
         1.22    7.1715e-14
        1.225  -4.58504e-14
         1.23   8.15071e-14
        1.235  -6.02309e-14
         1.24   7.55163e-14
        1.245   2.35954e-14
         1.25  -4.97134e-14
        1.255  -1.82437e-13
         1.26   1.51079e-13
        1.265  -1.27523e-13
         1.27   3.70959e-14
        1.275  -1.17709e-13
         1.28   8.44454e-14
        1.285  -1.54467e-13
         1.29   2.79455e-13
        1.295   3.55789e-14
          1.3   6.17678e-14
        1.305   -1.0697e-13
         1.31   1.26704e-13
        1.315   3.94569e-14
         1.32    6.7551e-14
        1.325  -6.34978e-15
         1.33   8.20277e-14
        1.335  -1.00656e-13
         1.34   7.31339e-14
        1.345   1.61953e-13
         1.35   -3.4634e-14
        1.355  -1.12602e-13
         1.36   5.62936e-14
        1.365   1.56476e-14
         1.37  -9.75126e-15
        1.375  -1.25754e-13
         1.38  -5.07627e-15
        1.385   -3.5345e-14
         1.39   6.86968e-14
        1.395   -1.8746e-14
          1.4  -8.31754e-15
        1.405   6.17707e-14
         1.41  -1.53365e-14
        1.415   -1.1063e-13
         1.42  -5.74752e-14
        1.425  -5.93267e-14
         1.43    1.9858e-13
        1.435  -1.89883e-13
         1.44    3.4321e-14
        1.445  -1.98108e-14
         1.45   2.82498e-14
        1.455   3.74945e-14
         1.46   1.62098e-13
        1.465   2.47438e-14
         1.47   2.32305e-14
        1.475  -2.58208e-14
         1.48   1.06449e-13
        1.485  -3.60965e-14
         1.49  -7.85411e-14
        1.495  -4.35444e-14
          1.5     2.243e-13
        1.505  -3.71439e-14
         1.51   -1.1607e-13
        1.515   7.72811e-14
         1.52    -1.022e-13
        1.525    9.4356e-14
         1.53  -8.20689e-14
        1.535   5.76309e-14
         1.54   -1.6667e-13
        1.545    8.2534e-14
         1.55  -1.71131e-13
        1.555   2.27545e-13
         1.56  -7.98315e-14
        1.565   1.40005e-13
         1.57  -1.89357e-13
        1.575   7.42196e-14
         1.58   1.54112e-13
        1.585  -7.86431e-14
         1.59    1.8051e-13
        1.595  -1.12893e-13
          1.6   1.10568e-13
        1.605  -4.32573e-14
         1.61  -5.09134e-14
        1.615    1.8159e-13
         1.62   1.14674e-13
        1.625  -1.89867e-15
         1.63  -1.04806e-13
        1.635  -3.42171e-14
         1.64  -1.04252e-13
        1.645   3.14164e-15
         1.65  -1.00435e-15
        1.655   1.46799e-13
         1.66  -2.17541e-13
        1.665   1.64743e-14
         1.67  -8.00617e-14
        1.675    1.4049e-13
         1.68   -1.7948e-13
        1.685   2.22386e-13
         1.69  -1.04053e-13
        1.695   1.87086e-13
          1.7  -1.05919e-13
        1.705   3.23298e-13
         1.71  -4.27713e-13
        1.715   1.87512e-13
         1.72  -1.28176e-13
        1.725   2.63667e-13
         1.73  -2.08551e-13
        1.735   1.66612e-13
         1.74  -1.52083e-13
        1.745   1.60869e-13
         1.75  -2.19641e-13
        1.755    -5.783e-15
         1.76  -3.53962e-14
        1.765   2.04008e-13
         1.77  -1.19351e-13
        1.775   5.41311e-15
         1.78   9.65695e-14
        1.785   7.81504e-14
         1.79   2.23235e-14
        1.795   1.93501e-13
          1.8  -9.15604e-14
        1.805  -1.32272e-13
         1.81   1.10106e-15
        1.815  -1.77059e-14
         1.82  -3.42338e-14
        1.825   7.72824e-14
         1.83  -1.58008e-13
        1.835   9.89907e-15
         1.84  -4.24558e-14
        1.845  -2.50546e-14
         1.85   1.07824e-14
        1.855   5.11524e-14
         1.86  -1.36293e-13
        1.865   2.01285e-13
         1.87  -1.26975e-13
        1.875  -1.43183e-14
         1.88  -3.02058e-14
        1.885   8.38216e-14
         1.89   -9.4494e-14
        1.895   7.67487e-14
          1.9   1.53658e-14
        1.905   3.46065e-14
         1.91  -6.11217e-14
        1.915  -1.89957e-14
         1.92   8.91366e-14
        1.925  -6.14208e-14
         1.93  -1.39526e-13
        1.935  -1.05683e-13
         1.94   1.69548e-14
        1.945  -2.51408e-14
         1.95   4.40923e-14
        1.955    5.7105e-14
         1.96  -2.46184e-14
        1.965  -8.53328e-14
         1.97   6.61471e-14
        1.975  -1.12941e-13
         1.98    1.0103e-13
        1.985   1.50694e-13
         1.99  -5.28908e-14
        1.995   1.74689e-14
            2   1.08889e-13
        2.005  -1.19306e-13
         2.01   1.51538e-13
        2.015  -1.23128e-13
         2.02   6.06926e-14
        2.025  -7.35492e-14
         2.03   2.03394e-13
        2.035  -1.68375e-13
         2.04   4.83457e-14
        2.045  -1.64169e-13
         2.05   1.17032e-13
        2.055  -1.10803e-13
         2.06   1.08778e-13
        2.065  -1.02909e-13
         2.07   1.87946e-13
        2.075  -1.72952e-13
         2.08   1.08836e-13
        2.085  -1.41114e-13
         2.09   1.21997e-13
        2.095  -6.58579e-15
          2.1  -1.38697e-14
        2.105   9.54771e-14
         2.11   1.36709e-13
        2.115  -3.68225e-14
         2.12   9.16857e-14
        2.125   -8.7629e-15
         2.13  -4.01735e-14
        2.135   1.40044e-13
         2.14  -4.01475e-14
        2.145  -2.57154e-14
         2.15  -5.29148e-14
        2.155   1.67565e-13
         2.16  -1.49817e-13
        2.165    5.0891e-14
         2.17  -9.95836e-14
        2.175    8.2329e-14
         2.18  -1.13369e-13
        2.185   5.30924e-14
         2.19   -9.5681e-15
        2.195  -1.07076e-13
          2.2   1.50453e-13
        2.205  -1.58677e-13
         2.21   1.68464e-13
        2.215   -1.3376e-13
         2.22   9.34284e-14
        2.225  -1.47967e-13
         2.23   2.42713e-13
        2.235   6.93835e-14
         2.24  -7.74573e-14
        2.245    6.5957e-14
         2.25  -1.58075e-13
        2.255   4.58944e-14
         2.26  -5.85403e-14
        2.265  -5.39131e-15
         2.27   9.18515e-15
        2.275   5.71232e-14
         2.28  -3.59124e-15
        2.285   7.58529e-14
         2.29  -1.17656e-13
        2.295    1.9854e-14
          2.3  -3.02974e-15
        2.305  -6.67183e-15
         2.31   2.03177e-13
        2.315  -2.43028e-13
         2.32   2.86854e-13
        2.325  -2.56268e-13
         2.33   1.02632e-13
        2.335   1.90725e-14
         2.34   3.15868e-14
        2.345     6.066e-14
         2.35  -1.42335e-13
        2.355   -3.1444e-14
         2.36  -3.12636e-14
        2.365   7.86813e-14
         2.37  -3.94988e-14
        2.375   2.31337e-13
         2.38  -2.45133e-13
        2.385   1.83016e-13
         2.39  -9.00872e-14
        2.395    1.6461e-13
          2.4  -1.49457e-13
        2.405   2.27536e-13
         2.41  -9.87679e-14
        2.415   1.82874e-13
         2.42  -1.20561e-13
        2.425   1.85773e-13
         2.43  -1.03966e-13
        2.435  -1.45239e-14
         2.44  -4.86628e-14
        2.445  -1.15233e-13
         2.45   3.76261e-14
        2.455  -6.78064e-14
         2.46   8.45935e-14
        2.465   -1.1981e-14
         2.47    -7.222e-15
        2.475   4.82422e-14
         2.48   7.84459e-14
        2.485  -1.75661e-14
         2.49   2.10999e-13
        2.495  -5.35156e-14
          2.5   2.21916e-14
        2.505  -8.05806e-14
         2.51   7.88235e-14
        2.515  -3.70489e-14
         2.52  -6.94182e-14
        2.525   9.68311e-14
         2.53  -4.88189e-14
        2.535    5.7924e-14
         2.54  -7.46571e-14
        2.545   1.14333e-15
         2.55   9.23786e-14
        2.555   4.74924e-14
         2.56  -1.29851e-13
        2.565   1.19986e-13
         2.57  -7.47911e-14
        2.575  -9.44615e-14
         2.58  -1.26362e-13
        2.585    1.6163e-13
         2.59  -1.82995e-13
        2.595   7.42166e-14
          2.6  -5.48057e-14
        2.605   2.42697e-13
         2.61   -2.0186e-13
        2.615   1.07204e-13
         2.62  -1.81553e-13
        2.625   3.67928e-13
         2.63  -1.15049e-13
        2.635   1.89889e-13
         2.64  -1.47595e-13
        2.645   2.14588e-13
         2.65  -1.48715e-13
        2.655   6.36907e-15
         2.66  -4.31352e-14
        2.665    8.3909e-14
         2.67  -1.20068e-13
        2.675   1.84277e-13
         2.68  -1.26322e-13
        2.685   1.13888e-13
         2.69  -5.77279e-14
        2.695  -7.19578e-14
          2.7  -1.51167e-14
        2.705   6.02601e-14
         2.71    6.6917e-14
        2.715   9.78435e-15
         2.72   6.49347e-14
        2.725   -5.7671e-14
         2.73   6.74426e-14
        2.735  -2.56857e-14
         2.74   9.53289e-14
        2.745  -1.07371e-13
         2.75   1.70132e-14
        2.755   1.38408e-13
         2.76  -7.55262e-14
        2.765   6.00781e-14
         2.77  -1.58433e-13
        2.775  -9.75431e-14
         2.78    1.6152e-13
        2.785   1.34921e-14
         2.79   2.26522e-13
        2.795  -1.49472e-13
          2.8   8.49334e-14
        2.805   8.77319e-14
         2.81  -1.64394e-13
        2.815   1.63481e-13
         2.82  -1.05121e-13
        2.825   1.13077e-13
         2.83   1.62599e-13
        2.835  -1.56189e-13
         2.84   2.13934e-13
        2.845  -3.33756e-13
         2.85   1.87835e-13
        2.855  -2.04958e-13
         2.86   2.12193e-13
        2.865  -1.01832e-13
         2.87   2.33987e-15
        2.875   5.98452e-14
         2.88  -1.78595e-13
        2.885    3.0693e-13
         2.89  -2.42919e-13
        2.895   3.02905e-13
          2.9  -1.81016e-13
        2.905   2.16761e-14
         2.91   4.34053e-14
        2.915  -1.12538e-13
         2.92   1.96089e-13
        2.925  -1.39557e-13
         2.93    2.4892e-13
        2.935   -1.8194e-13
         2.94   1.22068e-13
        2.945  -1.44393e-13
         2.95  -4.75495e-14
        2.955   1.08134e-13
         2.96   -1.0601e-13
        2.965   2.05266e-13
         2.97   1.83864e-14
        2.975   8.27452e-14
         2.98   -8.5486e-14
        2.985   8.86997e-14
         2.99  -2.70409e-14
        2.995   9.40252e-14
            3  -8.72674e-14
        3.005   2.11365e-15
         3.01    4.1286e-14
        3.015  -7.85578e-14
         3.02   8.20598e-14
        3.025  -8.46357e-14
         3.03      9.33e-14
        3.035  -8.88125e-14
         3.04   6.22417e-14
        3.045   2.59361e-14
         3.05  -1.09409e-13
        3.055   1.14144e-13
         3.06  -4.97278e-14
        3.065  -5.29967e-15
         3.07   2.51972e-13
        3.075  -1.39187e-13
         3.08   8.88393e-14
        3.085  -3.37981e-13
         3.09   4.72309e-13
        3.095  -2.81502e-13
          3.1   1.39398e-13
        3.105  -3.24332e-14
         3.11   1.69802e-13
        3.115   2.29247e-14
         3.12   1.48311e-13
        3.125  -2.45035e-13
         3.13   1.63641e-13
        3.135  -1.88754e-13
         3.14   1.24203e-13
        3.145  -1.88362e-13
         3.15   1.48526e-13
        3.155   3.45945e-14
         3.16  -1.10979e-13
        3.165   1.89914e-13
         3.17  -1.21358e-13
        3.175   1.76616e-13
         3.18  -5.21125e-14
        3.185   1.40017e-13
         3.19  -3.89522e-14
        3.195   8.12896e-15
          3.2   5.68066e-14
        3.205  -7.75752e-14
         3.21   9.52132e-14
        3.215  -5.66629e-15
         3.22   1.21509e-13
        3.225   6.86386e-14
         3.23   6.29104e-14
        3.235   1.22471e-13
         3.24  -8.51547e-16
        3.245   7.56223e-14
         3.25   4.51566e-14
        3.255   3.31562e-14
         3.26  -4.55587e-14
        3.265   1.38958e-13
         3.27  -1.02926e-13
        3.275    6.5759e-15
         3.28   1.14251e-13
        3.285  -1.19182e-13
         3.29   5.03123e-14
        3.295  -1.51816e-13
          3.3   8.74838e-14
        3.305  -1.32441e-13
         3.31    1.3451e-13
        3.315  -8.35002e-14
         3.32  -2.60223e-14
        3.325   4.39945e-14
         3.33   5.33777e-14
        3.335  -2.47238e-15
         3.34   5.55661e-14
        3.345  -3.56115e-14
         3.35   7.11471e-14
        3.355   5.36033e-14
         3.36   8.45525e-14
        3.365   4.95443e-14
         3.37   9.54918e-14
        3.375  -1.11016e-13
         3.38   1.67408e-13
        3.385  -1.50218e-13
         3.39   3.81715e-14
        3.395   8.11896e-14
          3.4   3.63955e-14
        3.405   2.59018e-14
         3.41  -2.43831e-14
        3.415   2.08991e-14
         3.42  -2.06069e-13
        3.425   2.06133e-13
         3.43  -3.55523e-14
        3.435   9.32765e-14
         3.44  -1.63245e-13
        3.445   8.92991e-14
         3.45  -2.02397e-13
        3.455   3.16956e-13
         3.46  -2.45377e-13
        3.465    2.6251e-13
         3.47  -1.67038e-13
        3.475   2.79267e-13
         3.48  -3.48955e-13
        3.485   2.35857e-13
         3.49  -3.03802e-13
        3.495   2.43442e-13
          3.5  -1.00952e-13
        3.505   3.54341e-14
         3.51  -1.06269e-13
        3.515  -1.12816e-13
         3.52  -4.76937e-14
        3.525   3.47181e-14
         3.53   5.69149e-14
        3.535  -1.43173e-14
         3.54   2.19772e-14
        3.545   4.22194e-14
         3.55   4.87201e-14
        3.555   -1.3752e-14
         3.56  -7.29457e-14
        3.565   1.39104e-13
         3.57  -9.89561e-14
        3.575   1.18433e-13
         3.58    2.7199e-14
        3.585  -9.28533e-14
         3.59  -3.94813e-14
        3.595  -7.81595e-15
          3.6   1.06516e-13
        3.605  -3.53054e-14
         3.61  -1.15421e-14
        3.615   6.52197e-14
         3.62   1.85185e-14
        3.625   5.22701e-14
         3.63    5.6413e-15
        3.635   1.11326e-13
         3.64  -2.58397e-15
        3.645  -4.69765e-14
         3.65   8.83634e-14
        3.655  -2.11357e-13
         3.66   2.01665e-13
        3.665  -1.27391e-13
         3.67   1.65797e-13
        3.675   4.54533e-14
         3.68   1.64617e-13
        3.685   -2.6185e-14
         3.69  -1.75822e-13
        3.695   1.06411e-13
          3.7  -2.36749e-13
        3.705   1.39539e-13
         3.71  -2.25283e-13
        3.715   2.12844e-13
         3.72  -9.93747e-14
        3.725    3.0052e-13
         3.73   -1.8632e-13
        3.735   1.39065e-13
         3.74  -1.91194e-13
        3.745   1.16769e-13
         3.75  -1.15045e-13
        3.755   3.21033e-13
         3.76  -2.39712e-13
        3.765   2.09466e-13
         3.77  -8.90383e-14
        3.775   8.35475e-14
         3.78   8.27479e-15
        3.785   4.14461e-14
         3.79   1.27922e-13
        3.795  -1.86537e-14
          3.8   9.88015e-14
        3.805  -1.16341e-13
         3.81   2.39752e-13
        3.815  -1.57785e-13
         3.82   2.08163e-13
        3.825  -2.89074e-13
         3.83   1.13557e-13
        3.835  -1.58012e-15
         3.84   6.83362e-15
        3.845  -1.26239e-14
         3.85   -1.4505e-14
        3.855   1.57498e-13
         3.86  -1.35564e-13
        3.865   1.66737e-13
         3.87  -9.29517e-14
        3.875   1.36708e-13
         3.88  -8.45948e-14
        3.885   1.40467e-13
         3.89   -8.6126e-14
        3.895   5.00533e-14
          3.9   1.20967e-14
        3.905   6.70716e-16
         3.91   5.12326e-15
        3.915  -2.96306e-14
         3.92  -2.07008e-14
        3.925  -2.25423e-14
         3.93   1.49834e-13
        3.935  -1.31249e-13
         3.94   2.71978e-13
        3.945  -2.39731e-13
         3.95   1.69828e-13
        3.955  -2.48826e-13
         3.96    9.4427e-14
        3.965  -9.56199e-14
         3.97   7.83968e-14
        3.975   -7.9788e-14
         3.98   2.58065e-13
        3.985  -8.08926e-14
         3.99   1.24512e-13
        3.995  -1.44917e-15
            4   6.55334e-14
        4.005    1.5122e-14
         4.01  -2.27239e-13
        4.015    1.7503e-13
         4.02  -2.67401e-13
        4.025   1.31927e-13
         4.03  -1.70339e-13
        4.035   3.02516e-13
         4.04  -1.56997e-13
        4.045   2.05861e-13
         4.05  -2.20392e-13
        4.055   1.00357e-13
         4.06  -1.15685e-13
        4.065   8.45524e-14
         4.07  -5.89817e-14
        4.075   1.71177e-14
         4.08   2.25002e-14
        4.085  -2.27055e-13
         4.09   2.55074e-13
        4.095  -2.09641e-13
          4.1   9.59214e-14
        4.105  -3.45174e-13
         4.11   1.77836e-13
        4.115  -2.22676e-13
         4.12   3.48341e-13
        4.125  -1.29833e-13
         4.13   3.19088e-13
        4.135  -3.57336e-13
         4.14   1.38141e-13
        4.145  -2.72691e-13
         4.15   2.11716e-13
        4.155  -1.77816e-13
         4.16   2.09119e-13
        4.165  -1.00297e-13
         4.17   1.44068e-13
        4.175  -2.24435e-13
         4.18   2.13976e-13
        4.185   -2.3666e-13
         4.19   9.70617e-14
        4.195  -1.40718e-13
          4.2    6.6746e-14
        4.205    2.4165e-15
         4.21  -5.95442e-14
        4.215   1.12728e-13
         4.22  -3.92999e-14
        4.225    6.0398e-14
         4.23   1.65969e-15
        4.235  -1.28693e-13
         4.24   1.15447e-13
        4.245   4.55178e-14
         4.25  -2.51708e-14
        4.255   9.01697e-14
         4.26   9.25634e-15
        4.265  -7.86684e-14
         4.27  -1.56129e-13
        4.275   8.32515e-14
         4.28  -3.87714e-14
        4.285   1.30673e-13
         4.29  -8.86508e-14
        4.295   1.53666e-13
          4.3   -1.5415e-13
        4.305   2.64962e-14
         4.31  -1.04364e-13
        4.315   7.29048e-14
         4.32   -2.8404e-13
        4.325    2.5143e-13
         4.33  -1.53949e-13
        4.335   1.08276e-13
         4.34  -4.93704e-14
        4.345   -2.1152e-16
         4.35   9.85894e-14
        4.355  -8.66831e-15
         4.36   -1.2042e-13
        4.365   9.93257e-14
         4.37  -1.49037e-13
        4.375    5.4997e-14
         4.38  -2.76221e-13
        4.385   1.89144e-13
         4.39  -1.32641e-13
        4.395     2.477e-13
          4.4  -3.57823e-13
        4.405   2.64293e-13
         4.41  -7.23951e-14
        4.415   9.06849e-14
         4.42   -2.1075e-13
        4.425   1.73613e-13
         4.43  -5.96659e-14
        4.435   9.89177e-14
         4.44  -6.97149e-14
        4.445  -1.02821e-14
         4.45   2.28139e-14
        4.455   5.56526e-15
         4.46   1.14117e-13
        4.465  -4.05816e-14
         4.47   4.26066e-14
        4.475  -1.03145e-14
         4.48   7.83917e-16
        4.485   -6.6698e-14
         4.49   1.05297e-13
        4.495   9.20521e-14
          4.5  -1.85153e-14
        4.505   1.29342e-13
         4.51    2.9638e-15
        4.515   -1.0467e-13
         4.52   1.23817e-13
        4.525  -8.17292e-14
         4.53    1.0749e-13
        4.535  -7.02415e-14
         4.54   1.49798e-13
        4.545   5.50114e-14
         4.55   -1.1208e-13
        4.555   1.95475e-13
         4.56  -3.34179e-13
        4.565    1.6412e-13
         4.57  -3.24833e-13
        4.575   4.35623e-14
         4.58  -2.53751e-13
        4.585   2.75331e-13
         4.59  -1.36449e-13
        4.595   2.59064e-13
          4.6   -3.1775e-13
        4.605   3.67133e-13
         4.61  -7.15083e-14
        4.615  -6.61054e-14
         4.62   4.43048e-14
        4.625  -2.63321e-13
         4.63   3.90729e-13
        4.635   -1.6533e-13
         4.64   2.02736e-13
        4.645  -2.69722e-13
         4.65   1.94726e-13
        4.655  -1.46022e-13
         4.66   9.70449e-14
        4.665  -1.57854e-13
         4.67   1.61805e-13
        4.675  -5.33346e-14
         4.68  -2.00071e-14
        4.685  -1.04431e-13
         4.69   4.17226e-15
        4.695  -1.88886e-15
          4.7    -5.478e-14
        4.705  -1.50929e-13
         4.71   6.34416e-14
        4.715  -3.91579e-14
         4.72   8.80771e-15
        4.725  -2.78966e-15
         4.73  -1.04744e-13
        4.735  -2.00555e-14
         4.74   5.95341e-14
        4.745  -9.67725e-14
         4.75  -1.14295e-13
        4.755    8.7445e-14
         4.76  -2.67562e-13
        4.765   8.95575e-14
         4.77  -2.02997e-13
        4.775   2.49627e-13
         4.78  -1.07767e-13
        4.785   3.04185e-14
         4.79    2.9649e-14
        4.795   -7.3931e-14
          4.8  -9.18776e-14
        4.805  -5.06634e-14
         4.81  -3.45526e-14
        4.815   1.57852e-13
         4.82  -7.68658e-14
        4.825   5.13691e-14
         4.83  -9.77543e-14
        4.835   1.07297e-13
         4.84  -1.33255e-13
        4.845   9.21332e-14
         4.85  -1.57089e-13
        4.855   4.42248e-14
         4.86   6.39394e-14
        4.865   4.32924e-14
         4.87   2.87834e-14
        4.875  -2.14582e-14
         4.88   2.18455e-13
        4.885  -1.64134e-13
         4.89   1.12292e-13
        4.895  -2.22393e-13
          4.9   6.83675e-14
        4.905  -1.24725e-15
         4.91   4.11342e-14
        4.915  -1.74663e-14
         4.92    8.9649e-14
        4.925  -2.25068e-13
         4.93   3.63286e-14
        4.935  -1.57667e-13
         4.94   9.32284e-14
        4.945  -4.24112e-14
         4.95   1.13505e-13
        4.955   7.57935e-14
         4.96  -4.22086e-14
        4.965  -2.46332e-14
         4.97   1.30395e-13
        4.975   -1.4263e-13
         4.98   1.18767e-13
        4.985  -1.40191e-13
         4.99   1.33135e-13
        4.995  -1.48117e-13
            5   2.54871e-14
        5.005  -7.10637e-15
         5.01  -1.97695e-15
        5.015   2.15707e-13
         5.02   4.14163e-14
        5.025  -5.72022e-14
         5.03   -5.5927e-14
        5.035    7.6511e-14
         5.04  -5.97784e-14
        5.045    1.2032e-13
         5.05  -1.24825e-13
        5.055   2.23178e-13
         5.06  -1.03032e-13
        5.065   1.46351e-13
         5.07  -9.73653e-15
        5.075  -3.78218e-14
         5.08  -1.94116e-14
        5.085   3.31658e-14
         5.09    1.4186e-14
        5.095  -4.57509e-14
          5.1   1.11835e-13
        5.105  -1.40206e-13
         5.11   1.26963e-13
        5.115  -1.66332e-13
         5.12   1.26724e-13
        5.125  -1.13239e-13
         5.13   5.38996e-14
        5.135  -1.17214e-16
         5.14  -4.95469e-14
        5.145   1.37095e-13
         5.15   7.57866e-15
        5.155   1.60345e-13
         5.16  -2.41003e-13
        5.165   9.00568e-14
         5.17  -6.53246e-14
        5.175   1.90166e-15
         5.18  -1.53747e-14
        5.185  -2.78126e-13
         5.19   2.21054e-13
        5.195  -1.81471e-13
          5.2   3.48292e-13
        5.205  -3.26626e-13
         5.21   1.48286e-13
        5.215   -1.7624e-13
         5.22   1.95665e-13
        5.225  -1.73855e-13
         5.23  -1.65616e-14
        5.235   1.45037e-13
         5.24  -2.18489e-13
        5.245   2.71737e-13
         5.25  -2.04014e-13
        5.255   1.21711e-13
         5.26  -2.72351e-13
        5.265   1.74617e-13
         5.27  -1.29931e-13
        5.275   1.47196e-13
         5.28  -1.79149e-14
        5.285   9.70627e-14
         5.29   2.28578e-14
        5.295  -3.32666e-14
          5.3    7.2579e-14
        5.305  -7.77448e-14
         5.31   1.34623e-13
        5.315  -3.46717e-13
         5.32   1.70704e-13
        5.325  -2.13695e-13
         5.33   1.92841e-13
        5.335  -4.44644e-14
         5.34   6.07033e-14
        5.345  -1.08633e-13
         5.35   1.08874e-13
        5.355   -1.0351e-13
         5.36   1.83182e-14
        5.365    3.0893e-14
         5.37   1.05409e-13
        5.375  -4.80342e-14
         5.38   1.12155e-13
        5.385  -1.04819e-13
         5.39   1.84888e-13
        5.395  -3.40832e-14
          5.4   1.79843e-13
        5.405  -5.92595e-14
         5.41  -6.60603e-14
        5.415   1.12776e-13
         5.42  -9.13809e-14
        5.425   2.07095e-13
         5.43  -1.51727e-13
        5.435   2.23771e-13
         5.44  -1.82597e-13
        5.445   2.04778e-13
         5.45  -1.60794e-13
        5.455    3.8375e-14
         5.46  -2.48043e-13
        5.465   2.13681e-13
         5.47  -1.27876e-13
        5.475   9.45594e-14
         5.48  -1.35446e-13
        5.485   4.83304e-14
         5.49    1.3651e-14
        5.495  -9.75234e-14
          5.5    2.6729e-15
        5.505  -6.73842e-14
         5.51   1.40697e-13
        5.515  -1.83521e-13
         5.52   1.18589e-13
        5.525   -3.4098e-13
         5.53    1.3877e-13
        5.535  -1.77931e-13
         5.54   1.57886e-14
        5.545   5.60487e-14
         5.55   4.66935e-15
        5.555   4.57857e-14
         5.56   -4.7556e-15
        5.565    -3.971e-14
         5.57   8.84931e-14
        5.575   8.11535e-14
         5.58  -1.96557e-13
        5.585   8.03356e-14
         5.59  -1.31359e-13
        5.595  -4.70622e-14
          5.6  -6.48796e-15
        5.605   1.00517e-13
         5.61  -1.49327e-13
        5.615   4.96914e-14
         5.62  -2.49297e-13
        5.625   2.53346e-13
         5.63  -1.65551e-13
        5.635   2.63439e-14
         5.64  -1.67053e-13
        5.645   2.57559e-14
         5.65  -2.69925e-13
        5.655   3.03455e-13
         5.66  -2.89316e-13
        5.665   4.74211e-14
         5.67  -1.60554e-13
        5.675   2.24212e-13
         5.68   3.73778e-14
        5.685  -4.12651e-15
         5.69  -8.02647e-14
        5.695  -7.30472e-15
          5.7  -1.34748e-13
        5.705   1.56604e-13
         5.71  -1.54773e-13
        5.715   9.35595e-14
         5.72   6.13915e-14
        5.725   4.42641e-14
         5.73   5.30909e-14
        5.735  -4.29258e-14
         5.74   2.04823e-13
        5.745  -9.75001e-14
         5.75  -1.65137e-14
        5.755  -1.26877e-14
         5.76  -1.98777e-13
        5.765   1.61785e-13
         5.77  -8.31542e-14
        5.775   3.97461e-14
         5.78   6.68976e-14
        5.785   2.47405e-14
         5.79   2.43052e-14
        5.795   4.89911e-14
          5.8   1.80954e-13
        5.805   -2.1936e-13
         5.81   1.72768e-13
        5.815  -1.36744e-13
         5.82   1.89157e-13
        5.825  -2.82072e-13
         5.83   1.79472e-13
        5.835  -1.83524e-13
         5.84   3.22275e-13
        5.845  -3.50748e-13
         5.85   2.88034e-13
        5.855  -1.00758e-13
         5.86   1.99544e-13
        5.865  -2.64674e-13
         5.87    2.3908e-13
        5.875  -1.71674e-13
         5.88   1.65143e-13
        5.885  -1.87522e-13
         5.89   3.14424e-13
        5.895  -1.28892e-13
          5.9   5.60753e-14
        5.905  -1.06656e-13
         5.91   1.39197e-13
        5.915    2.2308e-14
         5.92   3.03141e-14
        5.925  -2.75109e-14
         5.93   1.20988e-13
        5.935  -1.16426e-13
         5.94   2.49148e-13
        5.945  -6.20971e-14
         5.95   3.09902e-14
        5.955  -3.41071e-14
         5.96   -2.0507e-14
        5.965  -1.05463e-13
         5.97   2.78796e-14
        5.975  -1.18557e-13
         5.98   4.07516e-14
        5.985  -6.30792e-14
         5.99   1.01686e-14
        5.995   7.31451e-14
            6    6.4415e-14
        6.005   3.46897e-14
         6.01   2.88234e-14
        6.015  -5.45398e-14
         6.02   9.76128e-14
        6.025  -1.74472e-13
         6.03   1.70633e-13
        6.035  -6.12456e-14
         6.04  -3.62026e-14
        6.045   6.47792e-14
         6.05  -1.69376e-13
        6.055   1.51581e-15
         6.06  -7.41038e-14
        6.065   3.21953e-14
         6.07  -6.86862e-14
        6.075  -3.99134e-14
         6.08  -1.07179e-13
        6.085   3.39404e-14
         6.09   -4.3168e-14
        6.095   2.20234e-15
          6.1   1.71795e-13
        6.105  -1.99386e-15
         6.11   2.73354e-14
        6.115   1.18097e-13
         6.12  -9.40649e-14
        6.125   2.56381e-13
         6.13  -1.46758e-13
        6.135   4.55213e-14
         6.14  -1.83734e-13
        6.145   1.44054e-13
         6.15  -1.37624e-13
        6.155   2.80239e-13
         6.16  -2.72283e-13
        6.165   2.17652e-13
         6.17  -1.78296e-13
        6.175   2.46017e-13
         6.18  -3.82573e-13
        6.185    4.8143e-14
         6.19  -1.09932e-13
        6.195   4.60417e-15
          6.2  -1.56247e-14
        6.205   5.35781e-14
         6.21  -3.44398e-15
        6.215   1.36526e-13
         6.22   -2.6053e-13
        6.225     1.285e-13
         6.23  -1.96357e-13
        6.235   2.84261e-13
         6.24  -1.68318e-13
        6.245   1.16496e-13
         6.25  -2.06849e-13
        6.255   8.86492e-14
         6.26  -6.74627e-14
        6.265   4.42485e-14
         6.27  -9.34524e-14
        6.275   2.13732e-13
         6.28  -1.23181e-13
        6.285   2.21292e-13
         6.29  -2.65696e-13
        6.295   1.56598e-13
          6.3  -5.28152e-14
        6.305   3.43931e-14
         6.31   1.11452e-14
        6.315   -2.5276e-14
         6.32   7.91735e-14
        6.325    5.6296e-14
         6.33   -1.0303e-14
        6.335  -3.53012e-14
         6.34   1.06081e-13
        6.345  -8.58733e-14
         6.35   8.79513e-14
        6.355   1.15555e-13
         6.36  -9.89611e-15
        6.365   3.52342e-14
         6.37    1.4122e-13
        6.375  -1.56814e-13
         6.38   3.10796e-13
        6.385   -1.7738e-13
         6.39   2.59214e-13
        6.395  -3.99071e-13
          6.4   2.94843e-13
        6.405  -2.13568e-13
         6.41   1.92159e-13
        6.415  -2.85064e-14
         6.42  -5.64773e-15
        6.425  -4.48547e-14
         6.43    7.2142e-14
        6.435   -8.7007e-14
         6.44   8.11707e-14
        6.445  -9.81078e-14
         6.45   4.76637e-14
        6.455  -3.68769e-14
         6.46  -6.14722e-14
        6.465  -1.46122e-13
         6.47   3.96012e-14
        6.475  -4.98925e-15
         6.48   5.67095e-15
        6.485   5.79265e-14
         6.49   7.07916e-15
        6.495   -5.6643e-14
          6.5   5.80683e-14
        6.505  -9.29303e-14
         6.51   6.13488e-14
        6.515   5.59561e-14
         6.52   1.14079e-13
        6.525  -1.76513e-13
         6.53  -3.62558e-14
        6.535   1.22468e-14
         6.54  -5.28814e-14
        6.545   6.00631e-14
         6.55  -5.17527e-15
        6.555   1.96622e-14
         6.56   4.80628e-14
        6.565  -1.54043e-13
         6.57   9.33614e-14
        6.575  -1.84992e-14
         6.58   2.25441e-14
        6.585   1.93881e-13
         6.59   -1.6142e-13
        6.595   8.07386e-14
          6.6   9.74958e-15
        6.605  -1.25361e-14
         6.61   2.59707e-13
        6.615  -2.13376e-13
         6.62   1.54363e-13
        6.625  -1.56901e-13
         6.63   2.08237e-13
        6.635  -2.60489e-13
         6.64   1.23128e-13
        6.645   8.72713e-14
         6.65   4.65533e-15
        6.655  -5.24547e-14
         6.66   3.83222e-14
        6.665   2.49838e-14
         6.67  -7.11869e-14
        6.675   -5.6368e-14
         6.68  -3.10019e-14
        6.685  -1.18012e-13
         6.69   9.25255e-14
        6.695   5.65297e-14
          6.7   -1.8959e-13
        6.705    2.6093e-13
         6.71  -1.69338e-13
        6.715   1.42654e-13
         6.72  -2.28978e-13
        6.725   4.17113e-13
         6.73  -1.95021e-13
        6.735    7.6079e-14
         6.74  -1.23567e-13
        6.745   4.83921e-14
         6.75  -5.28973e-14
        6.755  -2.19768e-14
         6.76   1.02066e-13
        6.765  -7.82977e-14
         6.77   3.78731e-14
        6.775  -1.24667e-13
         6.78   6.61002e-15
        6.785   1.74574e-14
         6.79  -4.87489e-15
        6.795   1.25124e-14
          6.8  -1.07613e-13
        6.805   -2.9816e-14
         6.81  -6.71023e-14
        6.815   4.14779e-14
         6.82   5.47839e-14
        6.825  -6.02578e-14
         6.83    1.9949e-13
        6.835  -2.87249e-13
         6.84     2.214e-13
        6.845   -3.0647e-13
         6.85   2.10852e-13
        6.855  -1.92614e-13
         6.86   1.52445e-13
        6.865  -2.48374e-13
         6.87   1.09132e-13
        6.875   4.21381e-14
         6.88   2.03494e-15
        6.885   4.98523e-14
         6.89   -2.0251e-13
        6.895  -7.81966e-14
          6.9    7.3043e-14
        6.905   -1.2894e-13
         6.91   1.52352e-13
        6.915  -1.91928e-13
         6.92   2.00569e-13
        6.925  -1.14497e-13
         6.93    1.1645e-13
        6.935  -3.30458e-14
         6.94   9.43963e-14
        6.945  -4.31903e-14
         6.95   9.15721e-15
        6.955    1.1282e-13
         6.96   1.31591e-13
        6.965    1.2189e-13
         6.97  -2.71023e-14
        6.975  -1.86226e-13
         6.98   1.02329e-13
        6.985  -1.78968e-13
         6.99   1.38898e-13
        6.995  -1.28114e-13
            7   1.77074e-13
        7.005  -3.58614e-14
         7.01   6.86829e-14
        7.015  -8.94868e-14
         7.02   1.29017e-13
        7.025   -5.1145e-14
         7.03   8.86072e-14
        7.035  -1.77715e-13
         7.04   1.28915e-13
        7.045   3.07492e-14
         7.05   6.75362e-14
        7.055   5.09652e-14
         7.06   1.04915e-13
        7.065  -1.34949e-13
         7.07   1.49237e-13
        7.075  -2.84025e-13
         7.08   2.51626e-13
        7.085  -2.55624e-13
         7.09   2.50716e-13
        7.095  -2.08318e-13
          7.1   1.65898e-13
        7.105  -2.90662e-13
         7.11     2.814e-13
        7.115  -2.80633e-13
         7.12   1.66385e-13
        7.125  -1.60968e-13
         7.13   2.31646e-13
        7.135  -2.30408e-13
         7.14   2.66741e-13
        7.145  -1.33119e-13
         7.15   7.16659e-16
        7.155   1.14175e-13
         7.16  -1.89778e-13
        7.165   1.45901e-13
         7.17  -3.22192e-13
        7.175   2.79557e-13
         7.18  -3.07489e-13
        7.185    2.7518e-13
         7.19  -8.21266e-14
        7.195   7.68874e-14
          7.2  -1.76766e-13
        7.205  -1.09518e-15
         7.21   1.24353e-13
        7.215   1.52307e-16
         7.22   6.41535e-14
        7.225   1.56612e-13
         7.23  -7.41424e-14
        7.235   9.61669e-14
         7.24  -1.87608e-13
        7.245   2.07307e-13
         7.25  -8.32552e-14
        7.255   1.80427e-13
         7.26  -5.65395e-14
        7.265  -1.15911e-13
         7.27   1.31672e-13
        7.275  -2.09393e-13
         7.28    2.2719e-13
        7.285   3.29608e-14
         7.29  -6.58925e-14
        7.295   -4.3869e-14
          7.3   2.94762e-14
        7.305    1.0148e-13
         7.31  -1.52471e-13
        7.315   2.17629e-13
         7.32  -1.08294e-13
        7.325   1.75332e-13
         7.33  -3.22846e-13
        7.335    9.4633e-14
         7.34  -2.93387e-13
        7.345   1.68452e-13
         7.35  -2.46086e-13
        7.355   1.86587e-13
         7.36  -9.43982e-14
        7.365   1.40864e-13
         7.37  -1.76768e-13
        7.375  -8.54431e-14
         7.38   8.57372e-14
        7.385  -5.97092e-14
         7.39   1.24998e-13
        7.395     3.197e-14
          7.4  -9.90964e-14
        7.405  -3.58682e-14
         7.41   4.18587e-14
        7.415   -6.6955e-14
         7.42    1.8851e-13
        7.425  -1.09074e-13
         7.43    1.2528e-13
        7.435  -1.42768e-13
         7.44   3.02011e-13
        7.445  -1.46518e-13
         7.45   2.63422e-13
        7.455  -1.08602e-13
         7.46   1.61436e-13
        7.465  -3.34599e-13
         7.47   1.67378e-13
        7.475  -1.33202e-13
         7.48   5.74345e-16
        7.485   1.01623e-14
         7.49   -4.4972e-14
        7.495  -1.01074e-13
          7.5  -7.21688e-14
        7.505  -7.90215e-14
         7.51   1.68055e-16
        7.515   8.78883e-14
         7.52  -5.73805e-14
        7.525  -8.75793e-14
         7.53  -1.80539e-14
        7.535   1.54019e-14
         7.54    1.5312e-14
        7.545   9.89719e-14
         7.55  -5.85984e-14
        7.555   2.98171e-13
         7.56  -1.44017e-13
        7.565   1.60648e-13
         7.57  -2.34174e-13
        7.575   2.58806e-13
         7.58  -2.97109e-14
        7.585   1.88179e-13
         7.59  -1.07722e-13
        7.595    2.1865e-13
          7.6  -1.35467e-13
        7.605   1.55012e-13
         7.61  -1.59538e-13
        7.615  -7.43183e-14
         7.62   6.25636e-14
        7.625   5.33198e-14
         7.63  -1.04103e-13
        7.635   5.71877e-14
         7.64  -1.09063e-13
        7.645   1.47364e-13
         7.65  -2.89228e-13
        7.655   1.02649e-13
         7.66   -7.3915e-15
        7.665   1.94567e-14
         7.67   1.37584e-14
        7.675   5.95691e-14
         7.68   6.88476e-14
        7.685   8.64514e-14
         7.69  -3.26639e-14
        7.695   7.77241e-14
          7.7  -2.00891e-14
        7.705   1.10748e-13
         7.71  -1.39768e-13
        7.715   3.44126e-13
         7.72  -3.64422e-13
        7.725   1.48783e-13
         7.73  -3.04845e-14
        7.735    6.9487e-14
         7.74   1.07807e-13
        7.745  -6.95658e-14
         7.75   1.39628e-13
        7.755  -8.47875e-14
         7.76   7.12285e-14
        7.765    9.1694e-14
         7.77    1.2842e-13
        7.775   1.91454e-14
         7.78   4.68133e-14
        7.785  -4.65568e-14
         7.79   7.99646e-14
        7.795   2.74941e-15
          7.8   8.79063e-14
        7.805   3.67606e-14
         7.81  -4.92869e-14
        7.815  -1.95181e-13
         7.82    1.1919e-13
        7.825  -1.63912e-13
         7.83   1.81045e-13
        7.835   1.76235e-14
         7.84     5.479e-14
        7.845  -1.91346e-14
         7.85  -3.33324e-14
        7.855  -9.16186e-14
         7.86   6.58018e-15
        7.865  -4.94593e-15
         7.87   5.15206e-14
        7.875  -8.67566e-14
         7.88   2.18506e-13
        7.885  -4.57993e-14
         7.89   1.63227e-13
        7.895  -1.46015e-14
          7.9   4.72673e-14
        7.905  -1.56357e-13
         7.91   2.00224e-13
        7.915  -1.44156e-13
         7.92   3.38265e-13
        7.925  -3.17698e-13
         7.93   3.26934e-13
        7.935  -2.98635e-13
         7.94   1.75171e-13
        7.945  -2.43024e-13
         7.95   1.67621e-13
        7.955  -1.63754e-13
         7.96   2.24591e-13
        7.965   2.00045e-14
         7.97   1.66748e-13
        7.975  -2.80396e-13
         7.98   2.20611e-13
        7.985  -2.65426e-13
         7.99    2.1162e-13
        7.995  -1.56518e-13
            8    2.7939e-13
        8.005  -2.96789e-14
         8.01   1.63188e-13
        8.015  -1.44889e-13
         8.02  -1.28552e-14
        8.025  -3.74139e-14
         8.03   4.81459e-14
        8.035  -1.10975e-13
         8.04   2.95313e-13
        8.045  -5.87036e-14
         8.05   1.51798e-13
        8.055  -5.85055e-14
         8.06   8.39118e-14
        8.065   5.72823e-14
         8.07  -3.59934e-15
        8.075   1.40627e-13
         8.08  -1.01057e-13
        8.085   2.01608e-14
         8.09   1.48496e-14
        8.095  -3.23017e-14
          8.1   7.34991e-15
        8.105   2.56473e-14
         8.11  -2.58545e-14
        8.115  -1.13102e-13
         8.12   5.94638e-16
        8.125   5.06171e-14
         8.13   2.97375e-15
        8.135   4.54502e-14
         8.14  -4.93411e-14
        8.145   1.44487e-13
         8.15  -2.14993e-13
        8.155   1.72639e-13
         8.16  -1.70525e-13
        8.165   3.91481e-13
         8.17    -2.664e-13
        8.175   1.32107e-13
         8.18  -2.25975e-13
        8.185   2.06228e-13
         8.19  -2.23243e-13
        8.195   1.89399e-13
          8.2  -2.46562e-13
        8.205   2.75088e-13
         8.21   -1.9388e-13
        8.215   1.84741e-13
         8.22  -4.54756e-14
        8.225   2.75898e-13
         8.23    -1.581e-13
        8.235   2.14263e-14
         8.24  -6.12109e-14
        8.245   5.38138e-14
         8.25   5.16666e-14
        8.255  -7.98611e-14
         8.26   4.37797e-14
        8.265  -9.85123e-14
         8.27   3.04145e-14
        8.275  -9.99618e-14
         8.28   -9.1082e-14
        8.285   9.08176e-14
         8.29   2.81539e-14
        8.295  -2.02526e-14
          8.3   7.14189e-15
        8.305  -4.89096e-14
         8.31   9.39839e-14
        8.315  -9.05115e-14
         8.32   3.05946e-14
        8.325  -7.34185e-14
         8.33   4.25026e-14
        8.335   1.09512e-13
         8.34   1.38666e-13
        8.345  -3.14119e-14
         8.35   1.25896e-13
        8.355  -1.08548e-13
         8.36   5.09362e-14
        8.365  -1.14488e-13
         8.37   8.37448e-14
        8.375  -1.35519e-13
         8.38  -2.49295e-16
        8.385  -5.36153e-14
         8.39   2.60843e-14
        8.395  -8.52129e-14
          8.4   1.27476e-13
        8.405  -2.45029e-13
         8.41   2.50495e-13
        8.415  -1.95818e-13
         8.42   1.27855e-13
        8.425  -4.43361e-14
         8.43   1.09555e-13
        8.435  -3.83691e-14
         8.44   1.83303e-13
        8.445   -4.4167e-14
         8.45   2.13695e-13
        8.455  -2.25969e-13
         8.46   2.37013e-13
        8.465  -2.29151e-13
         8.47   1.66172e-14
        8.475  -1.10012e-13
         8.48  -3.92026e-14
        8.485   1.23623e-13
         8.49  -1.73614e-13
        8.495   1.00403e-13
          8.5  -1.41922e-13
        8.505   3.09472e-14
         8.51   2.39446e-14
        8.515   8.74125e-15
         8.52   1.65061e-13
        8.525  -6.26365e-14
         8.53  -5.93696e-14
        8.535   6.30376e-14
         8.54  -3.72526e-14
        8.545   1.12793e-13
         8.55  -1.14102e-13
        8.555   1.33849e-14
         8.56   -7.1986e-14
        8.565  -1.54607e-14
         8.57   7.41465e-15
        8.575   2.67363e-14
         8.58  -1.45854e-14
        8.585   2.51861e-14
         8.59   -1.6395e-13
        8.595   1.39792e-13
          8.6   -1.3476e-13
        8.605   1.88381e-13
         8.61   7.30964e-15
        8.615   -4.9046e-14
         8.62   1.07602e-13
        8.625  -1.05826e-13
         8.63   3.49546e-14
        8.635  -3.09994e-14
         8.64   5.76264e-15
        8.645   5.02632e-14
         8.65   1.85158e-13
        8.655  -1.10075e-13
         8.66   1.46479e-13
        8.665   4.26337e-14
         8.67  -2.97282e-14
        8.675   1.75978e-13
         8.68  -1.07214e-13
        8.685   7.56545e-14
         8.69   5.07863e-15
        8.695   4.08671e-15
          8.7  -3.97803e-14
        8.705  -1.30462e-13
         8.71   8.09327e-15
        8.715  -6.03866e-14
         8.72   4.85148e-14
        8.725    4.9792e-16
         8.73   1.47515e-13
        8.735  -1.05891e-14
         8.74    8.6197e-15
        8.745    4.7479e-14
         8.75   9.58051e-14
        8.755  -1.94153e-13
         8.76   9.01707e-14
        8.765  -1.41555e-13
         8.77   9.43945e-14
        8.775  -1.22451e-13
         8.78   3.80976e-14
        8.785  -3.20974e-14
         8.79  -4.21389e-14
        8.795   1.82166e-13
          8.8   -2.7146e-14
        8.805  -5.31057e-15
         8.81    -3.402e-16
        8.815   1.81394e-13
         8.82  -1.09406e-13
        8.825   3.09052e-13
         8.83  -3.40482e-13
        8.835   3.79677e-14
         8.84  -1.63295e-13
        8.845  -2.89188e-14
         8.85   1.76322e-14
        8.855  -5.84217e-14
         8.86   8.21712e-14
        8.865  -6.10842e-14
         8.87   6.89178e-14
        8.875  -1.85044e-13
         8.88   1.65719e-13
        8.885  -2.04269e-13
         8.89   1.75991e-13
        8.895    -2.101e-13
          8.9   2.42544e-13
        8.905  -2.05243e-13
         8.91   2.33091e-13
        8.915  -2.55812e-13
         8.92   4.79374e-14
        8.925  -3.29233e-13
         8.93   2.64579e-13
        8.935  -4.62465e-14
         8.94   8.07841e-14
        8.945   7.45112e-14
         8.95  -1.50141e-13
        8.955   1.57285e-13
         8.96  -5.06387e-14
        8.965   6.15704e-14
         8.97    2.1959e-14
        8.975   9.71847e-14
         8.98   7.70673e-14
        8.985   5.44954e-14
         8.99   1.31161e-14
        8.995   8.63347e-14
            9   2.75485e-14
        9.005   4.56907e-15
         9.01  -8.77751e-15
        9.015   1.34032e-13
         9.02  -1.41775e-13
        9.025   3.52589e-14
         9.03  -8.47976e-14
        9.035   7.90557e-14
         9.04  -4.64583e-14
        9.045  -1.49975e-14
         9.05   3.36504e-14
        9.055    6.8432e-14
         9.06   1.20772e-13
        9.065   8.89162e-14
         9.07   1.31731e-13
        9.075  -4.14998e-14
         9.08   3.80285e-14
        9.085   7.76123e-14
         9.09  -2.83608e-14
        9.095   1.89078e-13
          9.1  -1.09207e-13
        9.105  -3.16624e-14
         9.11  -3.20634e-14
        9.115   1.04882e-14
         9.12   4.65989e-14
        9.125  -9.40992e-14
         9.13   1.72051e-13
        9.135  -5.41945e-14
         9.14   6.72526e-14
        9.145   1.64849e-13
         9.15   -6.0503e-14
        9.155  -8.97205e-14
         9.16   8.88228e-15
        9.165   3.94126e-14
         9.17   1.94866e-15
        9.175   9.97653e-14
         9.18  -2.53388e-13
        9.185    2.1559e-13
         9.19  -2.16035e-13
        9.195   9.49517e-14
          9.2   2.83639e-14
        9.205   8.04075e-15
         9.21   1.82225e-14
        9.215  -1.34847e-13
         9.22   2.57194e-13
        9.225  -1.94462e-13
         9.23   1.84358e-13
        9.235    -4.209e-14
         9.24   6.77377e-14
        9.245  -3.36007e-14
         9.25  -4.90598e-14
        9.255  -2.16598e-13
         9.26   1.11967e-13
        9.265  -2.33036e-13
         9.27   2.84069e-13
        9.275  -1.31902e-13
         9.28   1.04981e-13
        9.285  -2.53071e-13
         9.29   1.04997e-13
        9.295  -9.13936e-14
          9.3   1.17155e-13
        9.305  -2.24388e-13
         9.31   1.83027e-13
        9.315  -1.39604e-13
         9.32   2.35686e-13
        9.325  -2.10287e-13
         9.33   1.99503e-13
        9.335  -2.63268e-13
         9.34   3.14527e-13
        9.345   -2.0931e-13
         9.35   2.86491e-13
        9.355  -3.16828e-14
         9.36   1.54298e-13
        9.365  -9.82032e-14
         9.37    3.4103e-13
        9.375  -2.71832e-13
         9.38    1.4798e-13
        9.385  -1.93716e-13
         9.39    1.8236e-13
        9.395  -1.55339e-13
          9.4    1.3521e-14
        9.405   5.43007e-14
         9.41   1.01679e-13
        9.415  -1.43849e-13
         9.42    2.3184e-13
        9.425  -4.53118e-13
         9.43   2.24778e-13
        9.435   -1.8477e-13
         9.44   3.49516e-13
        9.445  -3.32521e-13
         9.45   1.83483e-13
        9.455  -3.29275e-13
         9.46   2.66627e-13
        9.465  -2.92148e-13
         9.47   2.32895e-13
        9.475  -1.27914e-13
         9.48     2.662e-13
        9.485  -2.32734e-13
         9.49   1.40603e-13
        9.495  -2.29616e-13
          9.5   2.67426e-13
        9.505  -2.11376e-13
         9.51   7.38454e-14
        9.515  -2.03203e-13
         9.52   1.49662e-13
        9.525  -1.19814e-13
         9.53   1.28149e-13
        9.535  -1.52761e-13
         9.54   9.27645e-14
        9.545  -1.14271e-13
         9.55   1.72061e-13
        9.555  -1.47055e-13
         9.56   2.81583e-13
        9.565  -3.15486e-13
         9.57  -5.81144e-14
        9.575  -1.09316e-13
         9.58    3.3707e-15
        9.585    8.1991e-14
         9.59     8.021e-14
        9.595   1.14676e-13
          9.6  -5.84016e-14
        9.605   1.63547e-13
         9.61  -1.25097e-13
        9.615   4.86122e-14
         9.62  -1.11238e-13
        9.625  -7.35983e-14
         9.63   -3.8901e-14
        9.635  -7.80717e-14
         9.64  -1.09625e-13
        9.645   9.63719e-14
         9.65  -5.65784e-14
        9.655   2.39238e-13
         9.66  -5.97943e-14
        9.665   4.07629e-14
         9.67  -2.02658e-13
        9.675   3.02454e-13
         9.68  -3.45057e-13
        9.685   1.75779e-13
         9.69   -8.1026e-14
        9.695   1.20629e-13
          9.7  -1.17951e-13
        9.705    1.0439e-13
         9.71  -1.23445e-13
        9.715   4.43064e-14
         9.72  -1.62575e-13
        9.725    5.0568e-14
         9.73  -6.39237e-14
        9.735  -2.94348e-15
         9.74  -4.58228e-16
        9.745   7.55268e-14
         9.75   3.46553e-14
        9.755   3.85526e-14
         9.76  -1.07517e-13
        9.765   3.61741e-14
         9.77   4.90832e-14
        9.775  -1.10993e-13
         9.78   6.83201e-14
        9.785   -1.3095e-13
         9.79   3.14193e-13
        9.795  -1.13332e-13
          9.8   1.13678e-13
        9.805  -8.93051e-14
         9.81   3.28486e-14
        9.815  -9.84688e-14
         9.82   1.12195e-13
        9.825   6.93735e-14
         9.83  -8.98275e-15
        9.835   3.69352e-14
         9.84   9.10104e-14
        9.845   3.96297e-14
         9.85  -1.37056e-13
        9.855   3.05549e-13
         9.86  -2.03376e-13
        9.865   1.99857e-13
         9.87  -1.49193e-13
        9.875   1.25121e-13
         9.88    1.5101e-14
        9.885   7.94937e-14
         9.89   4.17201e-14
        9.895   -7.1206e-14
          9.9   1.09594e-13
        9.905  -1.09387e-14
         9.91  -1.05052e-13
        9.915   1.08893e-13
         9.92  -1.37153e-13
        9.925  -2.11349e-14
         9.93    8.4835e-14
        9.935  -1.31173e-13
         9.94   1.61589e-13
        9.945   5.86153e-14
         9.95   6.71843e-15
        9.955   5.89478e-14
         9.96  -5.26225e-14
        9.965   1.87141e-14
         9.97   4.50332e-14
        9.975  -1.19295e-13
         9.98   1.40577e-13
        9.985   -1.8111e-13
         9.99   2.19182e-13
        9.995  -2.07413e-13
           10   1.81883e-13
