# Probe 0 (5 0.5 0.05)
#       Probe             0
#        Time
        0.005    1.7873e-13
         0.01  -1.23955e-13
        0.015  -1.27517e-13
         0.02   2.72799e-13
        0.025  -4.09184e-13
         0.03   3.99239e-13
        0.035   2.08109e-13
         0.04  -4.08124e-13
        0.045   1.11604e-13
         0.05   1.45543e-13
        0.055   1.22113e-13
         0.06   1.37989e-13
        0.065  -2.43093e-13
         0.07   1.97078e-13
        0.075  -1.22721e-15
         0.08    1.6067e-13
        0.085   3.11869e-13
         0.09   2.67797e-13
        0.095  -4.17559e-13
          0.1   5.44284e-13
        0.105   4.31542e-14
         0.11    7.0752e-14
        0.115   1.11306e-13
         0.12  -2.42248e-13
        0.125    7.3613e-14
         0.13   3.61059e-14
        0.135  -7.50083e-14
         0.14  -2.72084e-13
        0.145    2.0245e-13
         0.15  -6.10327e-14
        0.155   2.38797e-13
         0.16   -3.3243e-13
        0.165   6.07467e-13
         0.17  -6.67587e-13
        0.175   2.95726e-13
         0.18  -1.42086e-13
        0.185   -7.3383e-14
         0.19  -2.90257e-13
        0.195   4.60167e-13
          0.2    -2.391e-13
        0.205   4.83229e-13
         0.21   1.49614e-14
        0.215  -7.84396e-14
         0.22    4.4599e-13
        0.225  -1.23045e-13
         0.23  -4.54044e-14
        0.235  -1.29489e-13
         0.24  -1.48451e-13
        0.245   4.27734e-13
         0.25   -3.2867e-13
        0.255   2.56681e-13
         0.26   6.04659e-14
        0.265   5.45951e-14
         0.27  -4.35402e-13
        0.275   5.03749e-14
         0.28   5.52916e-15
        0.285   1.88783e-13
         0.29  -5.49107e-14
        0.295   2.54715e-14
          0.3  -1.94655e-13
        0.305   2.41729e-13
         0.31  -4.68382e-13
        0.315   2.34209e-13
         0.32  -3.23285e-13
        0.325   2.04523e-13
         0.33  -3.79746e-13
        0.335   5.15807e-13
         0.34  -7.20357e-14
        0.345   1.53271e-13
         0.35   5.54656e-14
        0.355   4.06858e-14
         0.36  -1.41546e-13
        0.365   7.04405e-14
         0.37   8.35015e-14
        0.375  -2.98764e-14
         0.38  -1.24116e-13
        0.385    4.0886e-13
         0.39  -9.17547e-14
        0.395   2.44414e-13
          0.4  -9.35029e-14
        0.405   1.80518e-13
         0.41   6.34266e-14
        0.415   7.99418e-14
         0.42  -1.27949e-13
        0.425  -6.42186e-14
         0.43  -3.60521e-13
        0.435   2.78401e-13
         0.44    2.1539e-13
        0.445  -9.71682e-14
         0.45   3.74985e-14
        0.455  -1.89174e-13
         0.46    1.6444e-13
        0.465  -6.49618e-14
         0.47  -1.81316e-13
        0.475    4.0202e-14
         0.48  -1.23648e-13
        0.485   1.66489e-13
         0.49   2.65838e-13
        0.495  -4.01609e-13
          0.5   3.26032e-13
        0.505  -2.20736e-13
         0.51  -2.72071e-13
        0.515   1.95825e-13
         0.52  -5.16695e-14
        0.525   2.11515e-13
         0.53   9.73497e-14
        0.535   8.42248e-14
         0.54   -2.2187e-13
        0.545   4.17822e-13
         0.55  -3.81245e-13
        0.555   3.66626e-13
         0.56  -6.03303e-13
        0.565   2.87397e-13
         0.57   -2.4528e-13
        0.575    4.4401e-13
         0.58  -5.08493e-13
        0.585   5.33166e-13
         0.59   1.05346e-13
        0.595   1.56066e-13
          0.6   -1.4712e-13
        0.605  -4.36215e-14
         0.61   2.07827e-13
        0.615   1.49285e-15
         0.62  -7.45421e-14
        0.625  -1.26101e-13
         0.63   3.74948e-13
        0.635   5.32232e-15
         0.64  -6.99253e-14
        0.645   3.24995e-13
         0.65  -2.65265e-13
        0.655   4.36902e-13
         0.66  -1.70544e-13
        0.665   1.18189e-13
         0.67   1.63408e-13
        0.675  -9.07024e-14
         0.68   6.79297e-14
        0.685   1.50561e-13
         0.69  -9.63243e-14
        0.695  -1.38128e-15
          0.7  -7.62791e-15
        0.705  -7.33285e-14
         0.71   3.26716e-13
        0.715   1.81968e-14
         0.72   -3.7713e-14
        0.725  -9.25326e-14
         0.73   1.26345e-13
        0.735  -2.50557e-13
         0.74   4.48783e-13
        0.745  -8.67202e-14
         0.75   1.11102e-13
        0.755  -4.51198e-13
         0.76   4.30051e-13
        0.765   -2.5708e-13
         0.77   1.94981e-13
        0.775  -1.84145e-14
         0.78    4.5796e-14
        0.785   2.07717e-13
         0.79  -5.47023e-13
        0.795   3.31078e-14
          0.8   3.89437e-13
        0.805  -4.81991e-14
         0.81   2.47318e-13
        0.815  -2.20953e-13
         0.82   2.89924e-13
        0.825  -2.29451e-13
         0.83   3.18678e-13
        0.835  -1.99189e-13
         0.84   2.84332e-13
        0.845  -1.41069e-13
         0.85   8.34861e-14
        0.855  -8.64855e-14
         0.86   1.10193e-13
        0.865  -2.80282e-13
         0.87   1.69331e-13
        0.875  -3.38048e-13
         0.88   2.11212e-13
        0.885   1.49502e-13
         0.89  -7.86837e-14
        0.895  -2.35829e-13
          0.9  -9.74578e-14
        0.905  -1.81668e-14
         0.91  -1.40281e-13
        0.915   3.05545e-13
         0.92  -5.21839e-13
        0.925   2.77768e-13
         0.93   8.84332e-14
        0.935  -2.41527e-13
         0.94  -1.53596e-14
        0.945  -3.12951e-14
         0.95   3.10408e-14
        0.955    1.5826e-13
         0.96  -3.62477e-14
        0.965  -1.93074e-14
         0.97    2.2323e-13
        0.975   1.66176e-14
         0.98   8.68974e-14
        0.985  -2.94512e-13
         0.99  -7.85943e-14
        0.995   5.22449e-14
            1  -1.75962e-13
        1.005   1.48972e-13
         1.01   1.96505e-13
        1.015   1.81897e-14
         1.02   7.48644e-14
        1.025  -1.77754e-13
         1.03  -3.69537e-14
        1.035   4.85708e-14
         1.04  -1.83728e-14
        1.045  -3.56564e-14
         1.05   -2.7375e-14
        1.055  -4.27971e-14
         1.06   2.95995e-13
        1.065  -9.65472e-14
         1.07   9.85346e-14
        1.075   8.89849e-15
         1.08  -1.25982e-14
        1.085   6.21957e-16
         1.09   6.04583e-15
        1.095  -3.08042e-14
          1.1   2.65677e-13
        1.105  -1.06496e-13
         1.11   6.60281e-15
        1.115   8.23968e-14
         1.12  -1.93529e-13
        1.125   7.85549e-14
         1.13   1.56518e-13
        1.135  -1.21724e-13
         1.14   -1.3488e-13
        1.145    1.1879e-13
         1.15  -8.08972e-15
        1.155  -1.01534e-13
         1.16  -2.27119e-13
        1.165  -1.84563e-13
         1.17   1.83859e-13
        1.175   5.68938e-14
         1.18  -1.62206e-13
        1.185   3.58813e-14
         1.19  -1.66996e-14
        1.195  -7.77851e-14
          1.2  -2.82225e-13
        1.205   7.62886e-14
         1.21  -1.93731e-13
        1.215  -3.34964e-14
         1.22     1.547e-13
        1.225    -2.404e-13
         1.23   1.44379e-13
        1.235  -2.15848e-13
         1.24   3.35173e-13
        1.245   -1.1977e-13
         1.25   8.71288e-14
        1.255   3.61762e-13
         1.26  -4.43649e-13
        1.265   1.62738e-13
         1.27  -4.55434e-13
        1.275   2.63128e-13
         1.28  -3.69019e-14
        1.285     2.881e-13
         1.29  -7.74749e-14
        1.295  -2.05879e-15
          1.3   1.33909e-13
        1.305   3.01394e-15
         1.31   1.14376e-13
        1.315  -3.13036e-13
         1.32   2.24629e-13
        1.325  -2.76016e-13
         1.33   1.94881e-13
        1.335  -1.62861e-13
         1.34   4.69343e-13
        1.345  -4.43837e-13
         1.35   2.18957e-13
        1.355  -3.21878e-13
         1.36  -5.99024e-14
        1.365   9.26195e-14
         1.37  -3.79112e-14
        1.375   1.06567e-14
         1.38  -2.78392e-14
        1.385  -8.63337e-14
         1.39   -3.1285e-14
        1.395  -2.98952e-13
          1.4   1.92504e-13
        1.405  -1.53321e-13
         1.41   7.27551e-14
        1.415  -8.27654e-15
         1.42   5.83316e-14
        1.425  -1.05308e-14
         1.43  -9.45362e-14
        1.435   1.95145e-13
         1.44   4.70345e-14
        1.445  -6.93635e-14
         1.45  -1.79429e-13
        1.455   2.84243e-13
         1.46  -2.32757e-14
        1.465  -2.28457e-13
         1.47   1.21095e-13
        1.475  -7.81936e-14
         1.48   2.30446e-14
        1.485   1.06075e-13
         1.49    8.8857e-15
        1.495    -1.613e-14
          1.5     2.579e-13
        1.505   7.77743e-14
         1.51   1.64657e-14
        1.515     7.847e-15
         1.52   -2.8685e-13
        1.525   4.79844e-14
         1.53  -5.24982e-14
        1.535  -2.32882e-14
         1.54  -2.19281e-13
        1.545   4.24871e-13
         1.55  -4.71984e-13
        1.555   2.62203e-13
         1.56   -3.6446e-13
        1.565   3.24596e-13
         1.57   2.10826e-14
        1.575  -1.20431e-13
         1.58  -6.17899e-14
        1.585  -1.24555e-13
         1.59   2.23325e-14
        1.595  -1.98653e-13
          1.6   4.29923e-13
        1.605  -4.89995e-13
         1.61   5.66299e-13
        1.615  -2.66403e-13
         1.62   1.99981e-13
        1.625  -5.24351e-13
         1.63   4.20206e-13
        1.635  -8.12419e-14
         1.64   2.05439e-13
        1.645   -1.7224e-13
         1.65   2.35846e-13
        1.655  -4.81041e-13
         1.66     3.295e-13
        1.665  -3.82011e-13
         1.67   3.63371e-13
        1.675    1.2675e-14
         1.68   2.26134e-14
        1.685  -1.05564e-13
         1.69   1.40075e-13
        1.695  -2.77376e-13
          1.7   1.94446e-13
        1.705  -3.00922e-13
         1.71  -5.98704e-14
        1.715   3.78408e-13
         1.72   2.80625e-14
        1.725  -7.64797e-14
         1.73   -1.3559e-13
        1.735  -2.66725e-14
         1.74   1.60023e-13
        1.745  -1.35224e-13
         1.75  -1.56411e-14
        1.755   1.67095e-13
         1.76  -2.53201e-13
        1.765  -7.37815e-14
         1.77   1.46817e-13
        1.775   -1.3815e-13
         1.78   1.67691e-13
        1.785  -1.08142e-13
         1.79  -1.91568e-15
        1.795  -1.31916e-14
          1.8  -1.01625e-13
        1.805   4.96857e-13
         1.81  -4.20314e-13
        1.815   3.77266e-13
         1.82  -1.28054e-15
        1.825    -2.677e-13
         1.83   4.25091e-13
        1.835    -3.603e-13
         1.84   4.59141e-13
        1.845  -4.76979e-13
         1.85   3.38133e-13
        1.855  -1.77104e-13
         1.86  -2.99317e-14
        1.865  -6.52747e-14
         1.87   1.81425e-13
        1.875  -2.90282e-13
         1.88   2.44723e-13
        1.885   6.08091e-14
         1.89   7.48894e-14
        1.895  -2.76751e-13
          1.9  -1.62916e-13
        1.905   3.81406e-13
         1.91  -9.67533e-14
        1.915   6.97375e-14
         1.92  -3.18784e-13
        1.925   1.94855e-13
         1.93   3.85164e-14
        1.935  -2.36497e-13
         1.94   4.48207e-13
        1.945  -2.77892e-13
         1.95   2.99517e-14
        1.955    5.7944e-14
         1.96  -1.16153e-13
        1.965   2.31106e-13
         1.97  -2.06824e-13
        1.975   1.80166e-14
         1.98   1.62162e-13
        1.985  -3.76698e-13
         1.99   1.95369e-13
        1.995  -3.39344e-13
            2   1.12786e-14
        2.005   1.73078e-13
         2.01  -4.01509e-13
        2.015   3.05352e-13
         2.02  -1.28146e-13
        2.025   7.84634e-14
         2.03   1.48933e-13
        2.035   2.91494e-14
         2.04  -2.65664e-13
        2.045   3.48159e-13
         2.05  -1.61038e-13
        2.055  -1.93265e-13
         2.06   1.05028e-13
        2.065   1.05804e-13
         2.07  -1.37043e-13
        2.075   5.18917e-15
         2.08   1.82651e-13
        2.085   1.50304e-13
         2.09  -2.48641e-13
        2.095   2.50387e-13
          2.1   6.21205e-14
        2.105  -1.12033e-13
         2.11   3.89389e-13
        2.115  -2.61656e-13
         2.12   3.75485e-13
        2.125   -1.8056e-13
         2.13  -2.56759e-13
        2.135   1.50229e-13
         2.14   2.19074e-13
        2.145  -4.71476e-13
         2.15   3.83708e-13
        2.155  -8.49596e-14
         2.16  -1.49039e-14
        2.165   4.61573e-14
         2.17  -2.79017e-13
        2.175  -1.71525e-13
         2.18   1.87693e-13
        2.185   1.61314e-13
         2.19  -8.76473e-14
        2.195   1.03061e-13
          2.2  -3.67731e-13
        2.205   1.20424e-13
         2.21   2.66653e-14
        2.215  -1.43685e-13
         2.22  -3.80434e-14
        2.225    2.1329e-13
         2.23   4.14902e-15
        2.235  -3.44295e-13
         2.24   3.23165e-13
        2.245   2.07311e-13
         2.25  -2.83391e-13
        2.255    2.2301e-13
         2.26  -9.39527e-14
        2.265  -3.79279e-13
         2.27    2.7876e-13
        2.275   -2.8487e-13
         2.28   -1.3193e-13
        2.285    2.0021e-13
         2.29   8.51431e-14
        2.295   3.80926e-14
          2.3  -4.63118e-14
        2.305   2.12448e-13
         2.31   -2.2606e-13
        2.315   2.40626e-14
         2.32  -1.14922e-14
        2.325  -9.03192e-14
         2.33   1.85114e-13
        2.335   -8.2533e-15
         2.34   9.55288e-14
        2.345   1.96231e-14
         2.35   -1.8425e-13
        2.355   3.01315e-13
         2.36  -1.43907e-13
        2.365   1.05645e-13
         2.37  -2.09691e-13
        2.375   -1.1153e-13
         2.38   3.14866e-13
        2.385  -1.33019e-13
         2.39   1.63809e-13
        2.395  -1.47109e-13
          2.4    1.9731e-13
        2.405    3.4635e-15
         2.41   8.76399e-14
        2.415  -2.42831e-13
         2.42  -8.13473e-14
        2.425   4.77207e-14
         2.43   8.79449e-14
        2.435   1.66083e-13
         2.44   2.12158e-14
        2.445  -5.21601e-15
         2.45  -1.77511e-13
        2.455  -4.44733e-14
         2.46   2.52144e-13
        2.465  -2.53677e-13
         2.47   1.74432e-13
        2.475    -2.535e-13
         2.48   3.39648e-13
        2.485  -2.89107e-13
         2.49   3.18068e-13
        2.495  -4.88854e-13
          2.5    1.5618e-13
        2.505   1.19185e-13
         2.51   1.16509e-13
        2.515  -1.30456e-13
         2.52  -1.57062e-14
        2.525   1.94566e-13
         2.53  -1.01286e-13
        2.535   7.72374e-14
         2.54  -2.07158e-13
        2.545   3.89382e-13
         2.55   -3.3449e-13
        2.555   1.44142e-13
         2.56  -3.31553e-13
        2.565   5.67247e-14
         2.57  -1.69214e-13
        2.575   3.97449e-13
         2.58  -2.32354e-13
        2.585   1.50363e-13
         2.59  -2.19529e-13
        2.595   1.88155e-14
          2.6    3.5635e-14
        2.605  -7.86341e-14
         2.61   1.64356e-13
        2.615   6.19465e-14
         2.62  -1.32686e-14
        2.625   1.83774e-13
         2.63  -1.01447e-13
        2.635   1.78889e-13
         2.64  -3.36628e-13
        2.645   3.79746e-13
         2.65  -2.39216e-13
        2.655   7.40994e-14
         2.66  -3.15314e-13
        2.665   3.31701e-13
         2.67  -6.57592e-14
        2.675  -5.27083e-15
         2.68  -6.74494e-14
        2.685  -2.61352e-14
         2.69  -5.53789e-14
        2.695   8.33074e-14
          2.7  -1.38993e-14
        2.705   1.24262e-13
         2.71    8.6072e-14
        2.715   1.85742e-13
         2.72  -5.96947e-14
        2.725  -8.69735e-14
         2.73   3.88982e-14
        2.735  -8.84053e-14
         2.74   3.01581e-14
        2.745   1.18867e-13
         2.75   -1.8569e-13
        2.755   8.32458e-14
         2.76   9.04702e-14
        2.765  -9.73958e-14
         2.77   1.97236e-13
        2.775  -1.62482e-13
         2.78   1.35863e-13
        2.785   1.24817e-13
         2.79  -3.04758e-13
        2.795    1.8783e-13
          2.8   1.75813e-13
        2.805  -3.14258e-13
         2.81   2.16164e-13
        2.815  -2.06559e-13
         2.82    1.4142e-13
        2.825  -2.65689e-13
         2.83   6.54441e-14
        2.835   1.29244e-13
         2.84  -6.88146e-14
        2.845   1.61301e-13
         2.85  -2.07749e-13
        2.855   1.43584e-13
         2.86   1.21003e-14
        2.865   1.26251e-14
         2.87  -1.44138e-13
        2.875   9.17775e-14
         2.88  -2.23736e-13
        2.885   2.91721e-13
         2.89  -3.06458e-13
        2.895   3.39702e-13
          2.9   4.01361e-14
        2.905  -2.26449e-13
         2.91    4.9105e-13
        2.915  -4.61881e-13
         2.92   1.40252e-13
        2.925   2.09813e-13
         2.93  -3.11299e-13
        2.935   8.70865e-14
         2.94  -3.62243e-14
        2.945   2.72234e-13
         2.95  -4.53423e-13
        2.955   4.00848e-13
         2.96   1.99338e-13
        2.965   1.59458e-14
         2.97   2.59633e-13
        2.975  -2.08215e-13
         2.98   2.66205e-13
        2.985  -4.71713e-13
         2.99   3.58919e-13
        2.995   1.89529e-15
            3  -1.56997e-13
        3.005   1.39925e-13
         3.01  -1.90443e-13
        3.015   3.93863e-13
         3.02  -3.27817e-13
        3.025   3.03549e-13
         3.03   7.49046e-15
        3.035   5.53098e-14
         3.04  -1.92325e-13
        3.045   1.33949e-13
         3.05  -3.77661e-13
        3.055   3.67388e-13
         3.06   1.41646e-13
        3.065  -1.75859e-13
         3.07   -6.2156e-14
        3.075   2.66043e-14
         3.08  -8.75084e-14
        3.085  -5.05645e-14
         3.09   3.86298e-13
        3.095  -4.01148e-13
          3.1   2.07365e-13
        3.105  -1.04077e-13
         3.11   1.10476e-13
        3.115  -7.89997e-14
         3.12    3.4723e-13
        3.125  -5.99585e-13
         3.13   2.37352e-13
        3.135  -2.12589e-13
         3.14   2.44127e-13
        3.145    -6.801e-14
         3.15   3.31938e-13
        3.155   -3.5345e-13
         3.16   3.11305e-13
        3.165   1.41196e-13
         3.17  -3.43727e-13
        3.175   3.18912e-13
         3.18  -3.40895e-13
        3.185   3.14275e-13
         3.19   1.72133e-13
        3.195  -2.13292e-13
          3.2   1.63978e-13
        3.205  -4.46622e-13
         3.21   3.43238e-13
        3.215  -1.03729e-13
         3.22   2.61084e-13
        3.225  -1.41309e-13
         3.23  -1.49295e-13
        3.235    4.3288e-13
         3.24   6.81812e-16
        3.245   3.61708e-14
         3.25  -1.94825e-13
        3.255   4.02379e-13
         3.26  -1.04321e-13
        3.265   3.14891e-13
         3.27  -3.69763e-13
        3.275   3.41742e-13
         3.28  -1.11742e-13
        3.285  -7.61799e-14
         3.29   2.94583e-13
        3.295  -6.72249e-14
          3.3  -3.49568e-14
        3.305   1.28677e-13
         3.31  -1.54393e-13
        3.315   2.62271e-13
         3.32   -3.2833e-13
        3.325   2.49559e-13
         3.33   1.78699e-13
        3.335  -1.56103e-13
         3.34  -2.00578e-15
        3.345   2.51097e-13
         3.35  -9.98953e-14
        3.355   1.88785e-13
         3.36  -2.14822e-13
        3.365   1.62095e-13
         3.37   1.65976e-15
        3.375  -3.86615e-14
         3.38   3.74234e-14
        3.385  -1.09171e-13
         3.39   2.75614e-15
        3.395   2.24896e-13
          3.4  -1.82574e-13
        3.405   4.13154e-13
         3.41  -2.45681e-13
        3.415   4.25261e-13
         3.42  -8.71275e-14
        3.425  -1.18262e-13
         3.43   6.99458e-14
        3.435   2.75372e-13
         3.44  -4.57643e-13
        3.445   7.57386e-14
         3.45  -2.17978e-14
        3.455   9.80716e-14
         3.46  -1.48801e-13
        3.465  -1.35979e-13
         3.47   1.12161e-13
        3.475   2.29827e-13
         3.48  -2.71882e-13
        3.485   1.24968e-13
         3.49  -1.21674e-13
        3.495    1.3979e-13
          3.5   1.39907e-13
        3.505  -1.10125e-13
         3.51    1.0765e-13
        3.515  -2.70672e-13
         3.52    2.3748e-13
        3.525   2.67189e-13
         3.53   9.03263e-15
        3.535  -1.60747e-13
         3.54  -1.35987e-13
        3.545   3.60219e-13
         3.55  -1.88144e-13
        3.555  -7.51961e-14
         3.56   9.75874e-14
        3.565  -9.62015e-14
         3.57   2.16492e-14
        3.575   7.73491e-14
         3.58    1.8101e-13
        3.585  -1.80301e-13
         3.59   -1.1346e-13
        3.595   1.86334e-13
          3.6  -5.67954e-14
        3.605   8.33785e-14
         3.61   3.06964e-14
        3.615   1.92473e-13
         3.62  -1.01052e-13
        3.625   5.43949e-13
         3.63  -6.50146e-13
        3.635   4.29358e-13
         3.64   1.58752e-13
        3.645   1.05478e-13
         3.65  -2.29199e-13
        3.655   4.71617e-14
         3.66  -3.85253e-14
        3.665   1.66877e-13
         3.67  -1.67465e-13
        3.675   1.93292e-13
         3.68  -2.59845e-14
        3.685    5.7133e-14
         3.69   3.32334e-13
        3.695  -2.01825e-13
          3.7   9.40092e-15
        3.705  -8.08347e-14
         3.71  -1.21486e-13
        3.715   3.10243e-13
         3.72  -3.90843e-13
        3.725   3.90093e-13
         3.73  -1.66131e-13
        3.735  -1.43376e-14
         3.74    2.0077e-13
        3.745  -1.09266e-13
         3.75  -2.18811e-13
        3.755   4.02621e-13
         3.76   1.55214e-13
        3.765  -4.65838e-14
         3.77  -1.70759e-13
        3.775  -1.29204e-13
         3.78   3.23415e-13
        3.785   -1.1305e-13
         3.79   1.59293e-13
        3.795  -6.18139e-14
          3.8  -6.60578e-14
        3.805  -2.48326e-13
         3.81    1.4893e-13
        3.815  -4.03008e-14
         3.82   5.26059e-14
        3.825  -1.86507e-13
         3.83   1.68007e-13
        3.835  -1.50219e-13
         3.84   4.51679e-15
        3.845  -7.18117e-15
         3.85   4.72839e-14
        3.855  -1.81228e-13
         3.86   2.49617e-13
        3.865  -3.47197e-13
         3.87    2.8963e-13
        3.875  -3.62097e-13
         3.88   1.93144e-13
        3.885  -1.27844e-13
         3.89   2.61066e-13
        3.895  -2.31398e-13
          3.9   7.34465e-14
        3.905   1.30953e-13
         3.91   9.11671e-15
        3.915   1.20851e-13
         3.92  -1.23025e-13
        3.925  -7.75015e-14
         3.93   1.26355e-13
        3.935  -1.77024e-14
         3.94  -1.89135e-13
        3.945   2.62577e-13
         3.95  -1.50407e-13
        3.955  -3.17447e-13
         3.96    2.4751e-13
        3.965  -2.66284e-13
         3.97   2.30198e-13
        3.975  -1.82165e-13
         3.98   3.53848e-13
        3.985   -2.9671e-13
         3.99   7.09526e-13
        3.995   -1.5769e-13
            4   1.28776e-13
        4.005  -3.36362e-13
         4.01   1.57505e-13
        4.015  -2.50778e-13
         4.02   2.35135e-13
        4.025   6.17744e-14
         4.03  -1.91814e-13
        4.035   3.67109e-13
         4.04  -5.14374e-13
        4.045   7.41005e-13
         4.05   -6.9626e-13
        4.055    5.1414e-13
         4.06  -1.88641e-13
        4.065   2.03862e-13
         4.07   -1.0046e-13
        4.075   1.85709e-13
         4.08  -1.17906e-13
        4.085   2.55219e-13
         4.09  -3.56163e-13
        4.095   2.92418e-13
          4.1  -4.51937e-13
        4.105   5.51379e-14
         4.11   1.25834e-13
        4.115  -2.10586e-14
         4.12  -2.91208e-13
        4.125   2.15846e-13
         4.13  -1.81356e-14
        4.135  -8.52791e-14
         4.14   9.62988e-14
        4.145   2.60491e-14
         4.15     3.563e-14
        4.155  -1.05454e-13
         4.16   5.83388e-14
        4.165  -9.54702e-14
         4.17   1.31207e-14
        4.175   3.08155e-13
         4.18  -1.87475e-13
        4.185   2.91789e-13
         4.19  -1.28602e-13
        4.195  -3.93237e-14
          4.2   6.55371e-14
        4.205   1.37752e-13
         4.21  -6.60596e-14
        4.215  -6.29935e-14
         4.22   1.42478e-13
        4.225   1.04678e-13
         4.23  -3.96933e-13
        4.235   2.95581e-13
         4.24   -4.7801e-14
        4.245   6.19216e-14
         4.25    1.3591e-13
        4.255  -1.94996e-13
         4.26   1.19475e-13
        4.265  -2.50827e-13
         4.27   1.84487e-13
        4.275  -1.15156e-13
         4.28  -1.38782e-13
        4.285   1.73817e-13
         4.29  -1.06381e-13
        4.295   1.54092e-14
          4.3   4.22134e-14
        4.305   4.34227e-14
         4.31  -5.27429e-14
        4.315  -1.73125e-13
         4.32   2.66012e-13
        4.325     2.176e-13
         4.33  -2.82002e-13
        4.335   3.97038e-13
         4.34  -5.29812e-13
        4.345   2.84694e-13
         4.35   3.57339e-14
        4.355  -2.45465e-14
         4.36   1.77699e-13
        4.365   4.80773e-15
         4.37  -5.49306e-14
        4.375   3.31817e-13
         4.38   4.77447e-14
        4.385   1.94724e-13
         4.39  -1.96686e-13
        4.395   2.90909e-13
          4.4  -2.30894e-13
        4.405   3.95199e-13
         4.41  -3.17885e-13
        4.415   9.44057e-14
         4.42   2.10628e-13
        4.425  -2.28412e-13
         4.43  -7.86094e-15
        4.435   4.23261e-14
         4.44  -1.99805e-13
        4.445   1.30254e-13
         4.45  -2.34432e-13
        4.455   2.45662e-13
         4.46  -4.76892e-13
        4.465   3.77711e-13
         4.47  -3.25681e-13
        4.475   2.77901e-13
         4.48  -3.01543e-13
        4.485   2.62416e-13
         4.49  -1.95214e-13
        4.495   2.44092e-13
          4.5  -1.27492e-13
        4.505   2.44118e-13
         4.51  -2.84538e-13
        4.515    3.6519e-13
         4.52  -4.12491e-13
        4.525   5.40968e-14
         4.53    2.3157e-13
        4.535  -3.42228e-14
         4.54   8.50281e-14
        4.545   9.17339e-14
         4.55  -3.91927e-13
        4.555   1.72224e-13
         4.56  -3.92535e-13
        4.565   1.00794e-13
         4.57  -7.70736e-14
        4.575  -1.62176e-13
         4.58   5.19198e-14
        4.585  -1.87507e-13
         4.59  -3.83189e-15
        4.595   -1.1382e-13
          4.6   3.47971e-14
        4.605   1.48678e-13
         4.61   1.99393e-13
        4.615  -3.34667e-14
         4.62    2.4294e-13
        4.625  -1.88441e-13
         4.63   4.47617e-13
        4.635  -3.69047e-13
         4.64    1.0666e-13
        4.645  -3.42601e-14
         4.65  -8.61334e-15
        4.655  -1.03867e-13
         4.66   4.94653e-13
        4.665  -5.08989e-13
         4.67   1.70447e-13
        4.675   2.81755e-13
         4.68  -1.62315e-13
        4.685   3.78028e-13
         4.69   -1.4813e-13
        4.695   2.31585e-13
          4.7  -1.06889e-13
        4.705  -3.84261e-14
         4.71  -1.02556e-13
        4.715   1.27243e-13
         4.72  -2.28915e-13
        4.725   2.13314e-13
         4.73  -3.64795e-14
        4.735   4.72397e-14
         4.74   3.01554e-13
        4.745  -3.04457e-13
         4.75   7.99153e-14
        4.755   -3.5199e-14
         4.76  -6.61897e-14
        4.765  -9.06515e-15
         4.77  -1.50405e-13
        4.775   1.95714e-13
         4.78   -1.6064e-13
        4.785   2.25224e-13
         4.79  -7.26102e-14
        4.795  -2.48375e-13
          4.8   2.08418e-13
        4.805  -1.02625e-13
         4.81    2.7263e-13
        4.815  -2.68362e-13
         4.82   2.15483e-13
        4.825   1.11781e-13
         4.83  -2.13605e-13
        4.835   2.46388e-13
         4.84   1.85151e-13
        4.845   -3.1894e-13
         4.85   2.19087e-13
        4.855  -1.53689e-13
         4.86  -1.34661e-13
        4.865   2.59532e-13
         4.87  -5.25423e-13
        4.875   1.64668e-13
         4.88   2.77359e-13
        4.885  -9.09171e-14
         4.89  -6.05915e-14
        4.895  -1.01192e-13
          4.9   1.71286e-13
        4.905  -2.38441e-13
         4.91  -5.55733e-14
        4.915   6.58264e-14
         4.92   5.33452e-14
        4.925   1.54974e-13
         4.93  -2.44422e-13
        4.935   3.69167e-13
         4.94  -1.78791e-13
        4.945   2.56585e-13
         4.95   9.12961e-14
        4.955   -4.6244e-13
         4.96   1.59202e-13
        4.965  -2.76558e-14
         4.97   2.01212e-14
        4.975   1.62138e-13
         4.98  -6.74614e-14
        4.985    2.4114e-14
         4.99  -2.05079e-13
        4.995  -1.71449e-13
            5   4.04774e-13
        5.005  -4.28124e-13
         5.01   4.77234e-13
        5.015  -3.43977e-13
         5.02   1.79013e-13
        5.025  -2.00929e-13
         5.03   1.86343e-13
        5.035   8.27416e-14
         5.04  -3.01797e-13
        5.045   5.04513e-14
         5.05  -1.16109e-15
        5.055  -2.25158e-13
         5.06  -1.40824e-13
        5.065   8.70296e-14
         5.07  -2.42443e-14
        5.075  -3.80171e-14
         5.08  -6.07269e-14
        5.085  -3.95486e-14
         5.09  -7.51171e-14
        5.095  -2.33241e-13
          5.1   3.21721e-13
        5.105  -2.23638e-13
         5.11   3.08485e-13
        5.115  -3.65794e-13
         5.12   3.13213e-13
        5.125  -1.72464e-13
         5.13   4.65064e-14
        5.135   1.85732e-14
         5.14  -2.62477e-14
        5.145   2.04991e-13
         5.15  -3.08626e-13
        5.155   6.48565e-14
         5.16   3.63201e-13
        5.165  -2.07427e-13
         5.17   2.53956e-13
        5.175  -3.34139e-13
         5.18   1.58408e-13
        5.185   1.86664e-14
         5.19   1.83025e-13
        5.195  -7.95466e-14
          5.2  -3.93656e-14
        5.205   1.32261e-13
         5.21   3.66344e-15
        5.215  -2.11082e-13
         5.22   3.70832e-13
        5.225  -3.47606e-13
         5.23   4.55111e-13
        5.235   -4.8713e-13
         5.24    5.3681e-13
        5.245  -3.00851e-13
         5.25   2.99144e-14
        5.255   1.70067e-13
         5.26  -3.84453e-13
        5.265   5.16307e-13
         5.27   -2.2983e-13
        5.275   1.56853e-13
         5.28  -2.23266e-13
        5.285   2.19703e-13
         5.29    -2.375e-13
        5.295  -7.85661e-14
          5.3   2.35326e-13
        5.305  -2.52751e-13
         5.31  -9.66869e-15
        5.315   3.23934e-13
         5.32  -8.96274e-14
        5.325   5.02572e-14
         5.33  -1.54519e-14
        5.335  -4.83817e-14
         5.34   6.65592e-14
        5.345   -1.2587e-13
         5.35   3.10277e-13
        5.355   4.43511e-14
         5.36  -1.56156e-13
        5.365   1.12094e-13
         5.37   6.81762e-14
        5.375  -1.80352e-14
         5.38   7.44845e-14
        5.385  -2.42488e-13
         5.39  -4.19811e-14
        5.395    1.1112e-13
          5.4   4.34133e-13
        5.405  -2.16683e-13
         5.41   1.21489e-13
        5.415  -2.09793e-13
         5.42  -1.32047e-13
        5.425   2.92247e-13
         5.43   1.51624e-13
        5.435  -4.65765e-14
         5.44  -2.30353e-13
        5.445   1.78928e-13
         5.45   1.79639e-13
        5.455  -8.01445e-14
         5.46  -1.40758e-13
        5.465   1.57211e-13
         5.47  -3.41291e-13
        5.475   3.70737e-13
         5.48   -2.1483e-13
        5.485   1.40504e-14
         5.49   1.44871e-13
        5.495  -6.53958e-14
          5.5  -9.70222e-14
        5.505   9.90288e-14
         5.51  -1.22751e-13
        5.515   2.07032e-13
         5.52  -2.70613e-13
        5.525   1.39059e-13
         5.53  -3.81247e-14
        5.535   7.46546e-14
         5.54  -1.85171e-13
        5.545    1.3815e-13
         5.55  -2.96095e-13
        5.555    1.1378e-13
         5.56   2.52056e-13
        5.565  -6.79781e-14
         5.57  -5.31539e-14
        5.575   7.59599e-14
         5.58  -6.15763e-14
        5.585    8.1025e-14
         5.59  -2.21113e-14
        5.595   1.24486e-13
          5.6   2.91309e-14
        5.605  -1.25544e-13
         5.61   2.37474e-13
        5.615  -9.69422e-14
         5.62  -2.80498e-14
        5.625   1.46615e-13
         5.63  -1.92567e-13
        5.635   4.16162e-13
         5.64  -7.21122e-15
        5.645   2.88147e-13
         5.65  -3.01134e-13
        5.655   8.99601e-14
         5.66  -2.87451e-13
        5.665    4.6947e-13
         5.67   -1.9096e-13
        5.675  -1.23203e-13
         5.68   2.29958e-13
        5.685   1.52455e-14
         5.69  -4.72735e-14
        5.695   7.33693e-14
          5.7   9.95774e-14
        5.705  -1.74279e-13
         5.71   1.97264e-13
        5.715  -3.22002e-14
         5.72    1.3208e-13
        5.725   3.82804e-13
         5.73  -1.10133e-13
        5.735  -4.04844e-14
         5.74   3.30738e-15
        5.745   -2.4781e-13
         5.75  -1.21527e-13
        5.755  -1.62315e-14
         5.76   5.53044e-18
        5.765   1.06258e-13
         5.77  -1.48524e-13
        5.775   2.29509e-13
         5.78  -3.58543e-13
        5.785   1.72792e-13
         5.79  -5.39739e-14
        5.795   1.95396e-13
          5.8  -9.09353e-14
        5.805    2.8263e-13
         5.81  -2.63751e-13
        5.815  -1.36691e-13
         5.82  -1.46448e-13
        5.825    7.8705e-14
         5.83  -1.61595e-14
        5.835     8.956e-15
         5.84    3.3594e-14
        5.845  -1.40877e-13
         5.85   -5.6021e-14
        5.855   2.73608e-14
         5.86  -1.28971e-13
        5.865   1.94408e-13
         5.87   4.54648e-14
        5.875   -3.1162e-13
         5.88   4.37465e-13
        5.885  -4.04829e-13
         5.89   3.41046e-13
        5.895  -2.98516e-13
          5.9   2.96647e-13
        5.905  -5.87173e-14
         5.91  -7.22044e-14
        5.915  -2.92165e-13
         5.92   2.29255e-14
        5.925   2.65791e-13
         5.93  -2.53667e-13
        5.935   4.61637e-13
         5.94  -2.01048e-13
        5.945     6.337e-14
         5.95  -1.04343e-14
        5.955  -1.28748e-13
         5.96  -3.07982e-13
        5.965   2.07847e-13
         5.97   5.59857e-14
        5.975    -3.383e-13
         5.98   4.79148e-13
        5.985  -2.61695e-14
         5.99   2.07041e-13
        5.995  -6.75471e-14
            6   2.77214e-13
        6.005  -6.16826e-13
         6.01   6.06491e-13
        6.015  -5.63763e-13
         6.02   2.07215e-13
        6.025   -4.0825e-15
         6.03  -1.43927e-13
        6.035  -1.68631e-13
         6.04   1.20087e-13
        6.045   3.18438e-14
         6.05   6.42992e-15
        6.055  -2.72611e-13
         6.06   6.07412e-13
        6.065  -4.25203e-13
         6.07   1.54564e-13
        6.075   2.26276e-13
         6.08  -2.63937e-13
        6.085   2.41058e-13
         6.09  -2.65436e-14
        6.095   1.11422e-13
          6.1  -3.06211e-13
        6.105   1.42413e-13
         6.11  -1.98479e-13
        6.115    3.3669e-13
         6.12  -1.38485e-13
        6.125  -2.13475e-14
         6.13   2.45595e-14
        6.135   2.60918e-13
         6.14  -1.58478e-13
        6.145   3.03283e-13
         6.15  -3.92441e-13
        6.155   7.22329e-13
         6.16  -5.42268e-13
        6.165   6.37388e-14
         6.17  -4.66258e-14
        6.175   2.43727e-13
         6.18  -6.24348e-14
        6.185   4.83803e-13
         6.19   -3.8125e-13
        6.195   4.46319e-13
          6.2  -8.28859e-14
        6.205  -2.04472e-13
         6.21   1.00352e-13
        6.215  -3.84538e-13
         6.22   7.05074e-13
        6.225  -2.53876e-13
         6.23   1.15271e-13
        6.235   3.00062e-14
         6.24   -2.2996e-13
        6.245   2.67614e-13
         6.25  -1.60466e-13
        6.255   4.05317e-13
         6.26   -1.6302e-13
        6.265   1.48363e-13
         6.27   3.99388e-14
        6.275  -6.50749e-16
         6.28  -8.43164e-14
        6.285  -2.83441e-13
         6.29   2.38022e-13
        6.295  -1.03458e-13
          6.3  -1.10778e-13
        6.305  -3.04069e-13
         6.31   3.15151e-13
        6.315  -1.48821e-13
         6.32    2.7889e-13
        6.325   -1.3505e-13
         6.33   5.50085e-14
        6.335   1.09506e-13
         6.34  -2.23785e-13
        6.345   5.77995e-14
         6.35  -4.98534e-14
        6.355  -2.52957e-13
         6.36   2.80948e-13
        6.365  -2.79516e-13
         6.37   1.61167e-13
        6.375  -5.91235e-14
         6.38  -4.41009e-14
        6.385  -2.88009e-13
         6.39   4.24033e-13
        6.395  -3.36334e-13
          6.4   2.74332e-13
        6.405  -9.38827e-14
         6.41   1.56108e-13
        6.415  -1.12007e-14
         6.42   -1.7452e-13
        6.425     3.201e-13
         6.43   -3.8682e-13
        6.435   3.28198e-14
         6.44  -2.48977e-13
        6.445   5.75355e-14
         6.45  -7.24105e-14
        6.455   5.20631e-15
         6.46   1.17507e-13
        6.465   2.71291e-13
         6.47  -1.49045e-13
        6.475  -2.09794e-15
         6.48  -1.11443e-13
        6.485   3.58486e-13
         6.49  -1.58061e-13
        6.495   1.74389e-13
          6.5  -1.58002e-13
        6.505   7.04877e-14
         6.51  -1.33246e-13
        6.515   3.20126e-14
         6.52   4.43608e-13
        6.525  -2.07444e-13
         6.53   3.52234e-13
        6.535  -3.44987e-13
         6.54   4.09685e-13
        6.545  -3.79401e-13
         6.55   1.91539e-13
        6.555  -3.77474e-14
         6.56   5.41801e-13
        6.565  -1.05336e-13
         6.57  -2.03284e-15
        6.575   1.33808e-13
         6.58   1.77906e-13
        6.585   4.79605e-14
         6.59    4.4512e-13
        6.595  -4.05318e-13
          6.6   2.43509e-13
        6.605  -1.03459e-13
         6.61   9.95094e-14
        6.615   7.21984e-14
         6.62   2.76486e-13
        6.625   1.09775e-13
         6.63   6.73621e-14
        6.635   1.58456e-13
         6.64  -2.82682e-13
        6.645    8.0337e-14
         6.65  -8.69901e-14
        6.655   2.68936e-13
         6.66   -1.5884e-13
        6.665   1.17663e-13
         6.67  -3.43706e-13
        6.675   3.84177e-13
         6.68  -6.78066e-13
        6.685     6.975e-13
         6.69  -3.03887e-13
        6.695   4.96036e-14
          6.7  -2.49423e-13
        6.705   1.69623e-13
         6.71  -3.35542e-14
        6.715   5.15351e-13
         6.72  -3.09673e-13
        6.725   1.36098e-13
         6.73  -3.95427e-14
        6.735   1.07946e-13
         6.74  -1.13758e-13
        6.745   5.44129e-16
         6.75   2.17369e-13
        6.755  -1.67573e-13
         6.76   3.97241e-13
        6.765  -1.16994e-13
         6.77   2.72067e-13
        6.775  -1.13227e-13
         6.78  -1.14632e-13
        6.785      3.23e-13
         6.79  -5.16061e-14
        6.795   2.45287e-15
          6.8  -3.26986e-14
        6.805  -1.36358e-13
         6.81   1.20683e-13
        6.815   7.71652e-14
         6.82   6.16131e-14
        6.825   1.78074e-13
         6.83  -2.67115e-13
        6.835   3.26924e-14
         6.84   2.22295e-13
        6.845   1.26013e-13
         6.85  -9.33585e-14
        6.855  -4.01584e-14
         6.86   2.89021e-13
        6.865  -2.86144e-13
         6.87   1.59854e-13
        6.875  -1.77283e-14
         6.88   1.30093e-13
        6.885  -1.22296e-13
         6.89   1.51611e-13
        6.895  -2.04854e-13
          6.9   5.35397e-13
        6.905  -3.31234e-13
         6.91   -1.7279e-13
        6.915   1.15542e-13
         6.92   -3.9659e-16
        6.925  -2.59251e-14
         6.93   3.63862e-14
        6.935  -2.75133e-13
         6.94   1.21212e-13
        6.945  -1.37022e-13
         6.95   -2.1851e-13
        6.955   3.01442e-13
         6.96   -6.9294e-14
        6.965   4.02701e-14
         6.97  -5.56804e-14
        6.975   2.58358e-13
         6.98  -1.26451e-14
        6.985  -1.39995e-13
         6.99   1.00916e-13
        6.995    4.5107e-14
            7   8.15269e-14
        7.005   1.66197e-13
         7.01   3.13522e-13
        7.015   1.84647e-14
         7.02   1.23256e-13
        7.025   2.26748e-13
         7.03  -3.95055e-13
        7.035   2.76706e-13
         7.04  -1.20779e-13
        7.045   2.49587e-13
         7.05  -1.33447e-13
        7.055   1.61973e-14
         7.06   3.40673e-14
        7.065  -1.53551e-13
         7.07   3.94789e-14
        7.075    1.3153e-13
         7.08  -3.98816e-13
        7.085   1.71921e-13
         7.09  -8.60454e-14
        7.095   2.00443e-13
          7.1   1.77037e-13
        7.105  -1.44171e-13
         7.11   2.55251e-14
        7.115  -1.02217e-13
         7.12    3.7383e-13
        7.125  -2.00645e-13
         7.13   1.07255e-13
        7.135  -6.27581e-14
         7.14  -7.09155e-14
        7.145   4.76939e-14
         7.15  -3.02762e-13
        7.155  -1.89234e-13
         7.16   6.78061e-14
        7.165  -1.96591e-13
         7.17   2.67936e-13
        7.175  -1.30324e-13
         7.18   1.00168e-13
        7.185   1.09257e-13
         7.19  -2.42744e-13
        7.195    7.8624e-14
          7.2   1.06952e-13
        7.205   5.98486e-14
         7.21   2.15786e-13
        7.215  -2.63569e-13
         7.22    3.4333e-13
        7.225   6.01876e-14
         7.23  -2.72666e-14
        7.235  -1.10839e-13
         7.24   5.64465e-13
        7.245   -1.6142e-13
         7.25   3.19467e-13
        7.255  -1.71772e-13
         7.26   4.31816e-14
        7.265  -5.66498e-14
         7.27  -1.60086e-14
        7.275   9.92319e-14
         7.28  -2.45666e-13
        7.285   -1.9494e-13
         7.29   1.87511e-13
        7.295  -7.24946e-14
          7.3   5.40305e-13
        7.305  -7.79273e-13
         7.31   4.63368e-13
        7.315  -3.10955e-13
         7.32   2.58666e-13
        7.325   1.73502e-14
         7.33   8.65567e-14
        7.335  -2.78829e-13
         7.34   2.89907e-13
        7.345  -1.90422e-13
         7.35  -9.06691e-14
        7.355   4.03009e-14
         7.36  -1.22397e-13
        7.365   1.85149e-13
         7.37  -1.02488e-14
        7.375   3.40998e-14
         7.38  -5.06361e-14
        7.385   2.03697e-13
         7.39  -1.94652e-13
        7.395   2.11951e-13
          7.4  -8.27063e-14
        7.405    1.0772e-13
         7.41  -1.31874e-13
        7.415   2.21536e-13
         7.42  -3.11333e-13
        7.425   7.69265e-14
         7.43   3.19683e-13
        7.435  -3.24002e-13
         7.44   5.76783e-13
        7.445   -2.3011e-13
         7.45  -7.80271e-14
        7.455   1.75535e-13
         7.46   2.92411e-14
        7.465  -5.95033e-14
         7.47   2.01544e-14
        7.475  -1.13577e-13
         7.48   1.80698e-13
        7.485  -5.82527e-13
         7.49   4.97792e-13
        7.495  -2.70236e-13
          7.5  -9.35013e-14
        7.505   2.00339e-13
         7.51  -1.23402e-13
        7.515  -1.11204e-13
         7.52   1.14827e-13
        7.525   2.50055e-13
         7.53   -2.3431e-13
        7.535   1.54599e-13
         7.54  -1.31716e-13
        7.545   7.77101e-14
         7.55   2.01261e-13
        7.555  -2.52449e-13
         7.56   2.04704e-13
        7.565  -1.09509e-13
         7.57   2.36882e-13
        7.575  -2.50357e-13
         7.58   1.50509e-13
        7.585  -2.07371e-13
         7.59   1.85326e-13
        7.595   1.51299e-14
          7.6   7.04438e-14
        7.605  -1.91547e-13
         7.61   4.44266e-13
        7.615  -2.45388e-13
         7.62   -1.3252e-13
        7.625   2.73656e-13
         7.63  -2.01646e-13
        7.635   4.58945e-16
         7.64   5.13075e-14
        7.645   2.04542e-13
         7.65  -4.58831e-13
        7.655   2.24068e-13
         7.66  -1.24163e-13
        7.665  -1.46402e-13
         7.67   1.43991e-13
        7.675  -4.70976e-14
         7.68   4.86673e-14
        7.685    1.5473e-15
         7.69   2.48635e-13
        7.695   3.28568e-14
          7.7  -7.10688e-14
        7.705  -6.26394e-14
         7.71   2.94843e-13
        7.715  -2.79182e-13
         7.72   1.66111e-13
        7.725  -1.56787e-13
         7.73   2.04341e-14
        7.735   1.78749e-13
         7.74  -1.83501e-13
        7.745  -9.34375e-15
         7.75  -9.12207e-14
        7.755    2.3696e-13
         7.76  -2.80804e-13
        7.765   1.58698e-13
         7.77   1.17879e-13
        7.775   4.26521e-14
         7.78  -3.49121e-13
        7.785   9.89473e-14
         7.79  -6.48306e-14
        7.795    1.1533e-13
          7.8  -2.00322e-14
        7.805  -2.25678e-14
         7.81   -2.1623e-13
        7.815    1.5933e-13
         7.82  -2.26221e-13
        7.825   2.74969e-13
         7.83  -1.58703e-14
        7.835   8.11948e-14
         7.84  -1.31064e-13
        7.845   1.87667e-13
         7.85  -1.98408e-13
        7.855   1.98219e-13
         7.86  -1.82655e-13
        7.865   3.16418e-13
         7.87   -2.8814e-13
        7.875   2.86339e-13
         7.88  -2.32673e-13
        7.885   2.05017e-13
         7.89  -4.31021e-13
        7.895   3.31583e-13
          7.9  -1.04686e-13
        7.905  -7.87255e-14
         7.91   1.98701e-14
        7.915  -1.23924e-13
         7.92   1.57425e-13
        7.925  -1.66015e-13
         7.93   1.26782e-13
        7.935   3.25618e-13
         7.94  -2.31096e-13
        7.945   2.99845e-13
         7.95   -3.2156e-13
        7.955   1.38304e-14
         7.96   1.15233e-13
        7.965  -1.31977e-13
         7.97   3.40773e-13
        7.975  -1.71424e-13
         7.98   1.40841e-13
        7.985  -1.71362e-13
         7.99    1.9396e-14
        7.995   1.49429e-13
            8   3.98613e-14
        8.005  -1.40951e-13
         8.01   2.00119e-13
        8.015  -1.00412e-14
         8.02   1.83686e-13
        8.025  -3.38517e-13
         8.03   3.13186e-13
        8.035   5.01182e-15
         8.04  -1.75547e-13
        8.045   2.43035e-13
         8.05  -2.20211e-13
        8.055  -2.34142e-14
         8.06   1.56671e-13
        8.065  -3.66941e-13
         8.07   6.28504e-13
        8.075  -5.06554e-13
         8.08   3.97278e-13
        8.085  -7.84552e-14
         8.09   1.89979e-13
        8.095  -1.32054e-13
          8.1   1.34846e-13
        8.105  -9.14626e-15
         8.11  -1.24972e-13
        8.115   4.75169e-14
         8.12   2.56676e-14
        8.125   8.06731e-14
         8.13   3.10841e-13
        8.135  -5.64681e-13
         8.14    1.2353e-13
        8.145   -1.4056e-13
         8.15   1.52426e-13
        8.155  -2.28159e-13
         8.16   1.39245e-14
        8.165  -1.34918e-13
         8.17   4.56428e-13
        8.175  -3.53766e-13
         8.18   4.45778e-13
        8.185   -1.4703e-13
         8.19    2.6815e-13
        8.195   1.94547e-13
          8.2  -2.34382e-13
        8.205   2.51457e-13
         8.21  -1.84345e-13
        8.215   2.88121e-13
         8.22  -1.67404e-13
        8.225  -1.73374e-13
         8.23   -2.5637e-15
        8.235   1.15223e-13
         8.24  -1.86816e-13
        8.245   3.28015e-13
         8.25  -1.08518e-13
        8.255   6.89169e-14
         8.26    2.6703e-13
        8.265  -2.60505e-13
         8.27   2.33209e-13
        8.275  -5.95187e-14
         8.28  -2.58687e-13
        8.285  -1.23364e-14
         8.29   2.06246e-13
        8.295  -3.14837e-13
          8.3   2.08539e-13
        8.305   1.74521e-13
         8.31   3.13199e-14
        8.315  -1.53004e-13
         8.32  -1.34121e-13
        8.325   1.13442e-13
         8.33  -1.54156e-14
        8.335   1.00886e-13
         8.34  -3.89897e-13
        8.345   1.41507e-13
         8.35   8.89891e-14
        8.355   4.57075e-14
         8.36   4.16101e-14
        8.365   4.33475e-14
         8.37   1.71755e-13
        8.375  -4.64795e-14
         8.38   3.92976e-14
        8.385  -2.77102e-13
         8.39   2.56648e-13
        8.395  -1.71939e-13
          8.4  -8.61135e-14
        8.405   2.27122e-13
         8.41   -1.2567e-13
        8.415  -4.93905e-14
         8.42    2.7706e-13
        8.425  -2.29576e-13
         8.43  -2.06291e-13
        8.435   3.30641e-13
         8.44   7.69376e-14
        8.445  -1.24405e-13
         8.45  -3.15039e-15
        8.455   1.21748e-13
         8.46  -2.74161e-13
        8.465    5.0945e-13
         8.47  -4.26744e-13
        8.475   2.88569e-13
         8.48  -8.49743e-14
        8.485     -2.24e-14
         8.49  -4.21964e-14
        8.495    8.5492e-14
          8.5   1.71528e-14
        8.505  -2.39047e-13
         8.51   1.55407e-14
        8.515   2.51063e-13
         8.52   1.89873e-13
        8.525   1.80037e-14
         8.53  -2.71768e-13
        8.535   7.94243e-14
         8.54   1.12174e-13
        8.545  -2.45315e-13
         8.55   5.41488e-14
        8.555  -2.46483e-13
         8.56   6.95633e-14
        8.565   1.21251e-13
         8.57    2.0027e-13
        8.575    5.8774e-14
         8.58  -1.73421e-14
        8.585  -2.40663e-13
         8.59   6.76937e-15
        8.595   7.18839e-14
          8.6   3.25782e-14
        8.605  -6.43099e-15
         8.61   2.16826e-14
        8.615  -3.36649e-13
         8.62   2.08181e-13
        8.625  -1.09176e-13
         8.63   7.86054e-14
        8.635   1.24059e-13
         8.64  -2.05345e-13
        8.645   2.66318e-13
         8.65  -1.03397e-14
        8.655  -1.06542e-13
         8.66   3.96597e-14
        8.665   1.74693e-13
         8.67   6.41439e-15
        8.675   1.96429e-13
         8.68  -1.53096e-13
        8.685   9.46454e-14
         8.69   9.13309e-14
        8.695  -3.08287e-14
          8.7   2.70219e-13
        8.705  -3.35924e-13
         8.71   1.26143e-13
        8.715   -1.1036e-13
         8.72  -1.32563e-13
        8.725   2.22485e-13
         8.73   2.04743e-14
        8.735   2.38729e-13
         8.74  -3.80098e-13
        8.745   4.40416e-13
         8.75  -4.21713e-14
        8.755  -4.33131e-15
         8.76   1.03393e-13
        8.765   9.02951e-14
         8.77  -1.79884e-13
        8.775   2.86684e-14
         8.78  -2.25369e-13
        8.785    2.3933e-14
         8.79   1.76978e-13
        8.795   1.23179e-13
          8.8  -7.40608e-14
        8.805   -6.5148e-14
         8.81  -5.25305e-14
        8.815  -1.10564e-13
         8.82  -9.55577e-14
        8.825   -2.2609e-13
         8.83   1.11597e-13
        8.835   -1.6832e-13
         8.84   7.02065e-14
        8.845  -4.53465e-13
         8.85   6.16644e-15
        8.855  -3.00408e-14
         8.86   3.59473e-13
        8.865   -1.7073e-13
         8.87   4.51987e-13
        8.875  -5.91961e-13
         8.88   5.41112e-13
        8.885  -4.00681e-13
         8.89   4.09523e-13
        8.895  -4.34156e-13
          8.9   1.65649e-13
        8.905  -4.00981e-14
         8.91   5.88473e-15
        8.915  -5.64787e-14
         8.92   6.51281e-14
        8.925   2.26874e-14
         8.93   -1.1671e-13
        8.935   -1.3957e-13
         8.94   1.53099e-13
        8.945   6.16553e-14
         8.95   7.91283e-14
        8.955   2.96722e-14
         8.96  -1.84974e-13
        8.965   3.47979e-13
         8.97  -2.60024e-13
        8.975   2.34997e-13
         8.98  -4.06195e-13
        8.985  -2.06373e-14
         8.99  -8.98649e-14
        8.995   5.18584e-14
            9  -1.56889e-14
        9.005   8.25266e-14
         9.01   1.85012e-14
        9.015  -9.38584e-14
         9.02    9.0828e-14
        9.025  -1.95504e-13
         9.03   4.30831e-13
        9.035   1.04797e-13
         9.04  -3.72256e-14
        9.045   3.47461e-13
         9.05  -4.28517e-13
        9.055   5.51936e-13
         9.06  -6.37303e-13
        9.065   3.75632e-13
         9.07  -5.46291e-13
        9.075   3.44116e-13
         9.08  -3.46232e-13
        9.085   2.29442e-13
         9.09   2.06584e-13
        9.095  -4.23998e-13
          9.1    3.0276e-13
        9.105  -1.19619e-13
         9.11   1.05974e-13
        9.115   5.96024e-14
         9.12  -9.59798e-14
        9.125  -2.52768e-13
         9.13   2.54285e-13
        9.135  -2.08507e-13
         9.14   2.67377e-13
        9.145   -2.0017e-13
         9.15   1.97561e-13
        9.155  -1.88479e-13
         9.16   2.07949e-13
        9.165   -3.1731e-14
         9.17   2.04904e-13
        9.175  -2.86252e-13
         9.18    3.4278e-13
        9.185  -2.73234e-13
         9.19   8.34751e-14
        9.195  -6.73608e-14
          9.2   1.77364e-13
        9.205  -4.58198e-13
         9.21   2.57356e-13
        9.215  -3.30182e-13
         9.22     9.103e-14
        9.225   3.28505e-13
         9.23   -2.2838e-13
        9.235   3.37808e-13
         9.24   8.53415e-14
        9.245  -9.76454e-14
         9.25   2.23605e-14
        9.255   4.79226e-14
         9.26  -1.54506e-14
        9.265   1.39308e-13
         9.27   9.11683e-14
        9.275   5.83321e-14
         9.28  -3.59219e-15
        9.285   6.75006e-14
         9.29   3.06865e-14
        9.295   1.61556e-14
          9.3   1.74356e-13
        9.305  -2.52944e-13
         9.31   3.59144e-13
        9.315   -2.2221e-13
         9.32   4.03436e-13
        9.325  -2.88109e-13
         9.33   1.19439e-13
        9.335  -1.83725e-13
         9.34   2.04529e-13
        9.345  -3.24173e-13
         9.35   6.28938e-14
        9.355  -2.53645e-13
         9.36  -8.18598e-14
        9.365   8.94569e-14
         9.37   3.46628e-13
        9.375  -2.06168e-13
         9.38  -1.83896e-13
        9.385   1.19217e-13
         9.39   5.37263e-14
        9.395  -1.21062e-13
          9.4   1.79944e-13
        9.405  -2.69778e-13
         9.41   2.13368e-13
        9.415  -1.88298e-13
         9.42   2.98401e-13
        9.425  -1.21224e-14
         9.43  -1.81066e-15
        9.435   1.00215e-13
         9.44  -8.03879e-14
        9.445  -3.49693e-14
         9.45   2.32068e-13
        9.455  -1.55763e-13
         9.46   1.63515e-13
        9.465    1.2556e-14
         9.47   1.33653e-13
        9.475  -9.63721e-14
         9.48  -4.75765e-16
        9.485  -1.82997e-13
         9.49    1.6029e-13
        9.495  -2.60499e-14
          9.5   4.07687e-13
        9.505   -3.1253e-13
         9.51   2.89018e-13
        9.515  -5.32488e-14
         9.52   2.01274e-13
        9.525  -2.16167e-13
         9.53   5.34997e-14
        9.535  -1.31808e-13
         9.54   5.52998e-13
        9.545  -2.32853e-13
         9.55   2.57617e-13
        9.555    6.3571e-14
         9.56  -1.83554e-13
        9.565   6.87319e-14
         9.57  -2.56834e-13
        9.575   2.18827e-13
         9.58    9.9597e-14
        9.585    2.0199e-13
         9.59  -3.22009e-13
        9.595  -3.24475e-14
          9.6  -5.87153e-14
        9.605  -2.09159e-13
         9.61   2.85417e-13
        9.615   9.65834e-14
         9.62   1.03094e-13
        9.625    6.6592e-14
         9.63   1.40791e-15
        9.635  -5.51152e-14
         9.64   3.24485e-13
        9.645  -3.73509e-13
         9.65   4.35064e-13
        9.655  -3.85472e-13
         9.66   2.93591e-13
        9.665   -5.5998e-14
         9.67  -1.39167e-13
        9.675   2.03216e-13
         9.68  -8.42998e-14
        9.685  -1.90229e-13
         9.69  -7.36001e-14
        9.695   1.82044e-13
          9.7  -2.65492e-13
        9.705   1.66281e-13
         9.71   2.29986e-13
        9.715  -1.45916e-13
         9.72   2.01169e-14
        9.725  -2.06751e-14
         9.73  -1.26961e-13
        9.735   2.52922e-13
         9.74  -4.63686e-13
        9.745   4.95642e-13
         9.75  -1.47334e-13
        9.755   1.50384e-13
         9.76   -1.8725e-14
        9.765  -4.59704e-14
         9.77   1.62121e-15
        9.775  -2.99634e-15
         9.78  -8.70555e-14
        9.785   5.61766e-14
         9.79  -2.24614e-13
        9.795   4.55694e-14
          9.8   1.08307e-13
        9.805   -1.4655e-13
         9.81   3.22646e-13
        9.815  -6.46324e-14
         9.82   1.46614e-14
        9.825   2.38631e-13
         9.83  -3.20748e-13
        9.835   2.95104e-13
         9.84  -4.23072e-13
        9.845    2.2116e-13
         9.85   6.14544e-14
        9.855  -1.68591e-13
         9.86  -7.67733e-14
        9.865   2.90712e-13
         9.87   9.66509e-15
        9.875  -1.67755e-13
         9.88  -1.83882e-13
        9.885   2.26426e-13
         9.89   1.80968e-13
        9.895  -4.45164e-13
          9.9   3.49023e-13
        9.905   -6.7324e-13
         9.91    4.7442e-13
        9.915  -2.99363e-13
         9.92   1.78244e-13
        9.925   1.18495e-13
         9.93  -2.34787e-14
        9.935   1.90897e-13
         9.94  -1.78558e-13
        9.945   2.67955e-13
         9.95  -4.58972e-14
        9.955   2.96229e-13
         9.96  -1.01503e-14
        9.965    2.3384e-13
         9.97  -2.63746e-13
        9.975   5.33327e-13
         9.98  -3.04798e-13
        9.985   1.08637e-13
         9.99  -2.31354e-13
        9.995   1.40379e-13
           10  -1.38433e-13
       10.005   1.04591e-13
        10.01  -2.46154e-13
       10.015   3.22191e-13
        10.02  -2.45056e-13
       10.025    9.2708e-14
        10.03   -5.3389e-14
       10.035  -4.84777e-14
        10.04    2.1988e-13
       10.045  -2.16619e-13
        10.05   4.35392e-13
       10.055   -5.0056e-13
        10.06    3.7324e-13
       10.065  -1.74734e-13
        10.07   2.30229e-13
       10.075  -3.53771e-13
        10.08   3.99717e-13
       10.085  -1.09419e-13
        10.09  -6.75977e-14
       10.095   8.51034e-14
         10.1   1.06998e-13
       10.105  -1.79368e-13
        10.11  -3.45332e-14
       10.115   3.02736e-15
        10.12   7.07424e-14
       10.125  -1.15652e-13
        10.13  -6.35548e-14
       10.135  -1.07707e-13
        10.14   1.90578e-14
       10.145   7.63652e-14
        10.15   -2.3046e-14
       10.155  -2.29919e-13
        10.16   5.12897e-14
       10.165   1.71342e-13
        10.17  -8.88779e-14
       10.175   6.70479e-14
        10.18   1.31635e-13
       10.185   -3.0885e-13
        10.19   1.88512e-13
       10.195   2.76317e-13
         10.2  -4.56416e-13
       10.205   6.87152e-14
        10.21   3.34282e-14
       10.215  -6.94575e-14
        10.22   2.00419e-13
       10.225  -1.23006e-13
        10.23   2.58734e-13
       10.235  -3.61937e-13
        10.24   1.58543e-13
       10.245  -1.71811e-13
        10.25   3.29708e-13
       10.255   6.47781e-14
        10.26   8.54919e-14
       10.265   6.31273e-15
        10.27  -7.76577e-15
       10.275  -1.00894e-13
        10.28   1.72793e-13
       10.285   1.02052e-14
        10.29  -2.17092e-13
       10.295   2.31032e-13
         10.3  -3.69422e-13
       10.305   3.97345e-13
        10.31  -3.39092e-13
       10.315   1.39774e-13
        10.32  -5.10433e-16
       10.325   1.34596e-13
        10.33   -1.2259e-13
       10.335   1.36199e-13
        10.34  -1.04985e-13
       10.345  -2.18751e-13
        10.35   9.34686e-14
       10.355  -2.22141e-13
        10.36   5.65398e-13
       10.365  -3.22647e-13
        10.37   2.81819e-13
       10.375  -3.86162e-13
        10.38  -5.35501e-14
       10.385   1.10976e-13
        10.39   8.21091e-14
       10.395   8.28657e-14
         10.4  -1.82487e-13
       10.405   4.03318e-14
        10.41   2.03218e-13
       10.415  -4.92955e-14
        10.42  -2.29679e-14
       10.425  -1.80207e-13
        10.43    3.0307e-14
       10.435    1.7784e-13
        10.44  -2.41246e-13
       10.445   3.60506e-13
        10.45  -4.12839e-13
       10.455    1.6969e-13
        10.46  -1.24337e-13
       10.465   2.55158e-13
        10.47  -6.18137e-14
       10.475   1.84743e-13
        10.48  -2.00884e-13
       10.485   2.84639e-13
        10.49  -2.71193e-13
       10.495  -4.40554e-14
         10.5   1.67425e-13
       10.505   6.34977e-14
        10.51   1.01003e-13
       10.515  -1.09172e-15
        10.52   5.36162e-14
       10.525   1.69999e-13
        10.53  -1.47468e-13
       10.535   6.08979e-14
        10.54   2.82132e-13
       10.545  -5.34132e-13
        10.55   4.83351e-13
       10.555   1.09449e-14
        10.56    6.7256e-14
       10.565   1.10748e-13
        10.57  -3.13814e-13
       10.575   1.98954e-13
        10.58   1.40225e-13
       10.585  -9.32105e-14
        10.59  -2.58829e-14
       10.595  -7.45687e-14
         10.6   2.42944e-13
       10.605   -4.8127e-13
        10.61   4.33514e-13
       10.615  -1.95563e-13
        10.62  -1.50115e-14
       10.625   1.87909e-13
        10.63   5.63084e-14
       10.635  -9.20686e-14
        10.64   1.07409e-13
       10.645   1.95185e-13
        10.65  -1.89008e-13
       10.655   7.18132e-14
        10.66   4.11345e-14
       10.665   2.98956e-13
        10.67  -1.38091e-13
       10.675  -1.21318e-15
        10.68   6.25407e-13
       10.685  -5.55275e-13
        10.69   1.24395e-13
       10.695   2.11967e-14
         10.7  -3.43528e-13
       10.705   2.88277e-13
        10.71  -2.80507e-13
       10.715  -1.97497e-13
        10.72   3.96531e-13
       10.725  -2.87379e-13
        10.73  -5.55902e-14
       10.735   1.08013e-13
        10.74  -1.39222e-13
       10.745  -3.14122e-14
        10.75   3.27932e-13
       10.755  -2.43854e-13
        10.76   1.70229e-13
       10.765   1.00348e-13
        10.77  -1.81729e-13
       10.775  -6.28356e-15
        10.78   9.19926e-14
       10.785  -1.03514e-13
        10.79    5.3187e-13
       10.795  -5.41465e-14
         10.8  -1.75787e-13
       10.805   3.06746e-13
        10.81  -2.89211e-13
       10.815   1.81523e-13
        10.82  -9.14784e-14
       10.825   2.41078e-13
        10.83  -3.31972e-13
       10.835   1.12936e-13
        10.84   1.39747e-14
       10.845   2.30968e-13
        10.85  -3.04174e-13
       10.855   3.06517e-13
        10.86  -2.63756e-13
       10.865   -8.5205e-14
        10.87  -2.59929e-14
       10.875   6.52992e-14
        10.88   1.32996e-13
       10.885  -4.57892e-14
        10.89   1.23744e-13
       10.895  -1.49937e-14
         10.9  -1.48258e-13
       10.905   2.13078e-13
        10.91   1.05632e-13
       10.915  -3.52411e-13
        10.92   1.75633e-13
       10.925  -2.61499e-14
        10.93   1.97602e-13
       10.935  -3.23743e-13
        10.94   2.24012e-13
       10.945   -1.1382e-14
        10.95  -3.13293e-13
       10.955    1.0477e-14
        10.96   1.72106e-13
       10.965  -2.72369e-13
        10.97  -1.35972e-13
       10.975   2.27258e-13
        10.98   2.52174e-13
       10.985  -3.46641e-13
        10.99   5.10918e-15
       10.995   1.35411e-13
           11  -7.70142e-14
       11.005   1.14184e-13
        11.01  -1.61712e-13
       11.015  -3.35693e-14
        11.02  -7.36817e-14
       11.025   1.98037e-13
        11.03  -1.89934e-13
       11.035   8.85128e-14
        11.04  -5.37836e-14
       11.045   1.35097e-15
        11.05  -7.90288e-14
       11.055  -1.42569e-13
        11.06    4.0812e-13
       11.065  -4.35724e-13
        11.07   3.32261e-13
       11.075  -1.88366e-15
        11.08  -2.21897e-13
       11.085   3.44102e-13
        11.09  -5.69908e-14
       11.095   1.96063e-13
         11.1  -2.05688e-13
       11.105   2.59486e-13
        11.11  -1.38051e-13
       11.115   -2.3155e-13
        11.12  -1.27178e-14
       11.125  -1.84457e-13
        11.13   2.16083e-13
       11.135  -1.45902e-14
        11.14   2.40901e-13
       11.145  -1.28472e-13
        11.15  -6.86287e-14
       11.155   3.09133e-13
        11.16  -2.40519e-13
       11.165   7.43443e-14
        11.17   1.18127e-13
       11.175  -1.59815e-13
        11.18   7.67709e-14
       11.185    1.0411e-13
        11.19  -1.02936e-13
       11.195   5.62763e-14
         11.2  -2.43568e-13
       11.205      4.12e-13
        11.21  -4.62379e-13
       11.215   5.19104e-13
        11.22  -3.57986e-13
       11.225   3.31355e-13
        11.23  -5.03126e-13
       11.235   1.11204e-13
        11.24    2.6798e-13
       11.245  -1.08741e-13
        11.25   1.68552e-13
       11.255  -3.75451e-13
        11.26  -2.63282e-14
       11.265   9.77728e-14
        11.27   2.49433e-13
       11.275  -3.84345e-13
        11.28   4.25416e-13
       11.285  -4.15939e-13
        11.29   4.10377e-13
       11.295   -4.7892e-13
         11.3  -5.45806e-15
       11.305    2.7603e-13
        11.31  -1.67638e-13
       11.315    2.6276e-13
        11.32  -1.33208e-13
       11.325   2.50877e-13
        11.33  -3.59016e-13
       11.335   1.89281e-13
        11.34  -2.70545e-13
       11.345  -9.82573e-14
        11.35   -6.1228e-14
       11.355   8.95472e-14
        11.36   3.19265e-13
       11.365  -1.84913e-13
        11.37   1.80802e-13
       11.375  -2.43612e-13
        11.38   2.80475e-13
       11.385  -3.62376e-13
        11.39   3.09504e-13
       11.395  -4.44625e-13
         11.4   4.11176e-13
       11.405   9.81176e-14
        11.41  -3.19972e-13
       11.415   3.20602e-13
        11.42  -1.11642e-13
       11.425   2.60719e-14
        11.43   -7.2341e-14
       11.435  -1.46728e-13
        11.44  -1.85549e-13
       11.445   4.29442e-13
        11.45  -3.68138e-13
       11.455   1.14572e-13
        11.46  -5.82453e-14
       11.465  -1.30737e-13
        11.47   3.35411e-13
       11.475  -2.90812e-13
        11.48   2.30617e-13
       11.485   1.06912e-13
        11.49  -1.09514e-13
       11.495   8.28947e-14
         11.5   1.37132e-13
       11.505  -5.59609e-14
        11.51   3.89128e-13
       11.515   -2.4734e-13
        11.52   4.31866e-13
       11.525  -4.65749e-13
        11.53   8.15158e-14
       11.535   1.02638e-13
        11.54   -1.0311e-13
       11.545  -1.23052e-14
        11.55   -8.7361e-14
       11.555   1.76902e-13
        11.56  -1.34939e-13
       11.565  -5.25016e-14
        11.57   2.63374e-13
       11.575  -2.04829e-13
        11.58  -3.35508e-14
       11.585   2.01378e-13
        11.59  -1.67776e-13
       11.595   1.07242e-13
         11.6  -1.25223e-13
       11.605   4.79709e-13
        11.61  -1.87505e-13
       11.615  -1.29693e-13
        11.62   1.81113e-13
       11.625  -3.57171e-14
        11.63  -8.93098e-14
       11.635   8.51699e-14
        11.64   1.83171e-13
       11.645   1.53493e-13
        11.65  -1.84712e-13
       11.655   1.20151e-13
        11.66   6.75801e-14
       11.665   1.45685e-13
        11.67  -1.13748e-13
       11.675  -1.12318e-13
        11.68  -1.98526e-14
       11.685  -2.37645e-14
        11.69   -2.9709e-14
       11.695  -2.02598e-13
         11.7   -1.6408e-13
       11.705   3.24501e-14
        11.71   2.39387e-13
       11.715  -1.71367e-13
        11.72   2.57433e-13
       11.725  -4.10665e-14
        11.73  -9.95483e-14
       11.735   1.87355e-13
        11.74  -2.49891e-13
       11.745   1.71286e-14
        11.75  -2.88361e-14
       11.755  -1.14854e-13
        11.76   2.08043e-13
       11.765    3.9817e-14
        11.77     1.292e-13
       11.775  -3.73601e-14
        11.78   1.36195e-13
       11.785  -2.70416e-13
        11.79  -1.43665e-14
       11.795   1.65475e-13
         11.8  -5.36124e-14
       11.805   1.60192e-14
        11.81   1.64994e-13
       11.815  -4.00699e-13
        11.82   8.83193e-14
       11.825  -2.54007e-13
        11.83   1.63798e-13
       11.835   1.34017e-13
        11.84  -9.74534e-14
       11.845    2.3029e-13
        11.85   9.62611e-14
       11.855   -2.6431e-13
        11.86   1.75312e-14
       11.865     1.225e-13
        11.87   2.50088e-15
       11.875   2.09921e-13
        11.88  -6.89939e-14
       11.885   2.74998e-13
        11.89   -6.7761e-14
       11.895   1.93216e-13
         11.9  -2.52817e-13
       11.905   5.39718e-14
        11.91   1.29247e-13
       11.915  -1.26208e-16
        11.92  -1.26279e-13
       11.925   1.14565e-13
        11.93  -3.17821e-13
       11.935    2.9001e-13
        11.94  -2.79204e-13
       11.945  -3.74456e-14
        11.95  -1.94044e-13
       11.955   1.38179e-13
        11.96  -8.49648e-14
       11.965   2.82201e-13
        11.97  -1.16099e-13
       11.975  -5.71466e-14
        11.98   1.08723e-13
       11.985    1.5301e-13
        11.99   -1.3075e-13
       11.995   1.73654e-13
           12  -1.60969e-13
       12.005    1.0482e-13
        12.01  -2.17657e-14
       12.015   4.65845e-14
        12.02   7.62099e-14
       12.025    2.1893e-14
        12.03    1.4187e-13
       12.035  -7.16257e-14
        12.04   2.08875e-13
       12.045  -1.91063e-14
        12.05  -9.59406e-14
       12.055  -3.56411e-13
        12.06   4.01035e-14
       12.065   3.24749e-13
        12.07  -5.25464e-14
       12.075  -6.34979e-15
        12.08   7.83027e-14
       12.085   1.14156e-14
        12.09  -3.45838e-13
       12.095   3.05452e-13
         12.1  -5.38832e-13
       12.105   6.28321e-13
        12.11  -4.63203e-13
       12.115   6.41578e-13
        12.12  -4.90619e-13
       12.125   2.90712e-14
        12.13  -2.36424e-13
       12.135   2.18563e-13
        12.14  -3.03858e-13
       12.145   3.48805e-13
        12.15  -1.14342e-13
       12.155  -1.15265e-13
        12.16   1.19745e-13
       12.165   -1.3457e-13
        12.17  -7.75051e-14
       12.175   3.43527e-14
        12.18  -1.94646e-13
       12.185   2.23876e-13
        12.19  -2.92967e-13
       12.195   1.78563e-13
         12.2   -3.4891e-13
       12.205    3.6988e-13
        12.21   9.63405e-14
       12.215   7.66355e-14
        12.22  -8.18925e-14
       12.225   1.57217e-13
        12.23  -1.74846e-13
       12.235   1.37549e-13
        12.24   1.65474e-13
       12.245  -1.34732e-13
        12.25   2.63133e-13
       12.255  -1.73896e-13
        12.26  -2.13386e-13
       12.265   2.63474e-13
        12.27  -1.46757e-13
       12.275  -1.90849e-13
        12.28   5.15074e-13
       12.285  -5.47861e-13
        12.29    3.6065e-13
       12.295   -2.0986e-13
         12.3  -2.49311e-14
       12.305   9.80951e-14
        12.31   2.48498e-14
       12.315  -5.22936e-13
        12.32   4.95647e-13
       12.325   1.30156e-13
        12.33  -1.00702e-13
       12.335   1.74743e-13
        12.34  -1.61699e-13
       12.345   1.66385e-13
        12.35   6.13779e-14
       12.355     1.557e-13
        12.36  -8.60667e-14
       12.365  -2.53753e-13
        12.37   2.80079e-13
       12.375  -1.34237e-13
        12.38   1.94704e-13
       12.385   1.65928e-13
        12.39   4.57647e-14
       12.395   1.22913e-13
         12.4   1.43621e-13
       12.405  -2.44701e-14
        12.41   -1.0991e-14
       12.415   2.23804e-13
        12.42  -1.34584e-13
       12.425   2.23696e-13
        12.43  -3.23308e-13
       12.435   1.97282e-13
        12.44  -2.76519e-13
       12.445   2.79616e-13
        12.45  -4.54501e-13
       12.455  -1.92291e-13
        12.46   8.20705e-15
       12.465  -1.01287e-13
        12.47   1.02509e-13
       12.475   1.13128e-13
        12.48  -1.62022e-13
       12.485  -2.33312e-13
        12.49   1.65942e-13
       12.495  -6.97511e-14
         12.5   -1.5556e-14
       12.505  -1.01146e-14
        12.51  -2.67518e-13
       12.515    1.9587e-13
        12.52  -1.22719e-14
       12.525   7.03582e-15
        12.53   1.71154e-13
       12.535  -2.66119e-14
        12.54   8.87425e-14
       12.545  -2.12723e-13
        12.55  -1.03748e-13
       12.555   2.98031e-13
        12.56  -1.33554e-13
       12.565   4.65932e-14
        12.57  -4.48544e-14
       12.575   6.17199e-14
        12.58   9.92354e-14
       12.585  -4.91932e-14
        12.59  -5.64911e-15
       12.595  -1.59638e-13
         12.6    4.2743e-13
       12.605   3.08136e-14
        12.61  -3.35283e-14
       12.615   3.11208e-13
        12.62  -1.95007e-13
       12.625  -2.57483e-14
        12.63  -2.35391e-13
       12.635     3.033e-13
        12.64  -1.39407e-13
       12.645   1.05297e-13
        12.65  -1.66841e-13
       12.655   3.38364e-13
        12.66  -2.29251e-13
       12.665   3.42816e-13
        12.67   7.11752e-14
       12.675   6.63318e-14
        12.68   7.95767e-15
       12.685  -4.19548e-14
        12.69  -1.15522e-13
       12.695   2.57558e-13
         12.7   1.04926e-13
       12.705   4.06534e-14
        12.71  -1.16261e-13
       12.715  -2.87863e-13
        12.72   1.12967e-13
       12.725   1.45622e-13
        12.73   1.64222e-13
       12.735   -2.7333e-13
        12.74   1.82587e-13
       12.745   2.22148e-14
        12.75   1.61527e-13
       12.755  -9.59848e-14
        12.76   -1.4949e-13
       12.765   8.43751e-14
        12.77   -1.9422e-13
       12.775  -2.76495e-14
        12.78   2.43272e-13
       12.785  -1.43634e-13
        12.79   -2.3637e-13
       12.795   3.46535e-13
         12.8  -1.58768e-13
       12.805    2.7802e-14
        12.81  -1.31023e-13
       12.815   3.63405e-13
        12.82  -3.66578e-13
       12.825   5.55387e-13
        12.83  -3.36089e-13
       12.835  -9.60836e-14
        12.84   2.94766e-13
       12.845  -1.55043e-13
        12.85   1.10021e-13
       12.855   5.36355e-14
        12.86  -3.14229e-13
       12.865   3.97348e-13
        12.87   -1.9551e-13
       12.875   1.16743e-13
        12.88  -2.68808e-13
       12.885   9.76994e-14
        12.89   2.55092e-14
       12.895  -7.49496e-15
         12.9   9.05133e-14
       12.905  -3.20608e-13
        12.91   3.55621e-13
       12.915  -2.28518e-13
        12.92   2.47331e-13
       12.925  -2.56654e-13
        12.93   1.02773e-13
       12.935  -3.48629e-13
        12.94   3.08497e-13
       12.945   -8.7092e-14
        12.95   9.26491e-15
       12.955   8.84079e-14
        12.96  -1.27223e-13
       12.965   3.16934e-13
        12.97  -4.78702e-13
       12.975     1.611e-14
        12.98   1.36859e-13
       12.985   -3.8972e-14
        12.99  -3.63889e-14
       12.995  -1.57642e-13
           13   1.63016e-13
       13.005  -2.47856e-13
        13.01    8.6254e-14
       13.015   5.54029e-14
        13.02   2.52191e-14
       13.025   4.79865e-14
        13.03   1.21409e-13
       13.035    2.6731e-14
        13.04   5.23391e-14
       13.045  -4.54705e-13
        13.05   2.50772e-13
       13.055   7.99943e-14
        13.06  -3.32708e-13
       13.065   1.97772e-13
        13.07  -3.03537e-13
       13.075   4.81092e-13
        13.08  -2.78296e-14
       13.085   3.66145e-14
        13.09  -9.23951e-14
       13.095   2.78099e-14
         13.1   1.49084e-13
       13.105   9.23931e-14
        13.11  -1.35832e-13
       13.115   1.47213e-13
        13.12   8.72029e-14
       13.125  -1.14165e-13
        13.13    5.3559e-14
       13.135  -8.49583e-14
        13.14   3.50599e-14
       13.145   3.59465e-13
        13.15  -2.70272e-13
       13.155   2.67564e-14
        13.16  -5.41358e-14
       13.165   1.33043e-14
        13.17   9.40163e-14
       13.175  -6.65536e-14
        13.18   1.28234e-13
       13.185  -3.70572e-13
        13.19   1.46516e-13
       13.195  -3.89997e-14
         13.2    1.7358e-14
       13.205  -3.10352e-13
        13.21   1.79572e-13
       13.215   5.18561e-14
        13.22  -8.42434e-14
       13.225   9.15681e-14
        13.23  -9.31246e-14
       13.235   2.06912e-14
        13.24   2.94083e-13
       13.245  -1.14188e-13
        13.25   9.75403e-14
       13.255  -3.63408e-13
        13.26   2.35828e-13
       13.265   -6.8177e-14
        13.27  -2.46899e-13
       13.275   4.32345e-13
        13.28  -3.01243e-13
       13.285  -1.58657e-14
        13.29   3.94293e-13
       13.295  -4.92864e-13
         13.3   1.84298e-13
       13.305  -9.04777e-15
        13.31   2.87176e-13
       13.315  -1.91656e-13
        13.32     2.004e-15
       13.325  -1.29295e-13
        13.33   -9.1723e-14
       13.335   -2.1159e-13
        13.34   4.87284e-14
       13.345   5.81026e-14
        13.35   1.98738e-13
       13.355  -5.00713e-13
        13.36   3.31518e-13
       13.365  -2.15697e-13
        13.37   4.58326e-14
       13.375   2.16053e-14
        13.38   1.44988e-13
       13.385  -1.70033e-13
        13.39    2.0515e-13
       13.395  -4.30514e-13
         13.4   4.16574e-13
       13.405  -1.41052e-13
        13.41   9.21342e-14
       13.415  -1.35152e-13
        13.42   1.55872e-13
       13.425  -1.02238e-13
        13.43   1.04131e-13
       13.435   9.54759e-14
        13.44    -3.437e-13
       13.445  -8.22025e-14
        13.45   2.53482e-13
       13.455    3.4344e-14
        13.46   2.46154e-13
       13.465  -4.49186e-13
        13.47   6.21954e-14
       13.475  -9.26218e-14
        13.48  -9.81781e-14
       13.485   1.99235e-13
        13.49  -2.67086e-13
       13.495   1.53643e-13
         13.5  -1.53084e-13
       13.505   5.91165e-14
        13.51   2.37422e-14
       13.515   1.81705e-13
        13.52  -2.38999e-13
       13.525   1.02932e-13
        13.53  -1.60985e-13
       13.535     1.519e-13
        13.54  -9.40079e-14
       13.545   1.93373e-14
        13.55   3.38056e-14
       13.555  -2.32822e-13
        13.56    2.5578e-13
       13.565  -3.40681e-13
        13.57   1.14605e-13
       13.575  -5.64893e-15
        13.58  -5.07825e-14
       13.585  -2.06565e-13
        13.59  -3.41169e-14
       13.595   1.00643e-13
         13.6  -7.22604e-15
       13.605   1.70753e-13
        13.61  -9.95236e-14
       13.615  -2.30455e-13
        13.62   7.20115e-15
       13.625   3.90697e-13
        13.63  -2.47346e-13
       13.635   5.16278e-13
        13.64  -4.23168e-13
       13.645   6.11559e-13
        13.65   -4.4914e-13
       13.655   3.24908e-13
        13.66  -3.93318e-13
       13.665   1.76614e-13
        13.67   1.04031e-13
       13.675  -1.78516e-13
        13.68   1.29983e-13
       13.685   -4.6398e-14
        13.69  -2.80549e-14
       13.695   9.16409e-14
         13.7  -1.50434e-13
       13.705     2.261e-13
        13.71   -1.7289e-13
       13.715   1.72699e-13
        13.72  -2.17965e-13
       13.725   4.97048e-13
        13.73  -4.18353e-13
       13.735   4.29418e-13
        13.74  -1.85084e-13
       13.745   2.50589e-13
        13.75  -3.14188e-13
       13.755   3.30488e-13
        13.76  -4.29371e-13
       13.765   2.00566e-13
        13.77  -4.89657e-13
       13.775   5.09087e-13
        13.78  -3.15162e-13
       13.785   2.99709e-13
        13.79   -2.7639e-13
       13.795   1.31167e-13
         13.8  -1.23726e-14
       13.805   3.11548e-13
        13.81  -2.88953e-13
       13.815   1.72702e-13
        13.82  -2.05678e-13
       13.825   4.60194e-13
        13.83  -2.80727e-13
       13.835   1.60639e-13
        13.84   -3.9852e-13
       13.845   3.87832e-13
        13.85  -1.58938e-14
       13.855   1.31211e-13
        13.86  -1.03598e-13
       13.865  -3.36397e-14
        13.87   1.93071e-14
       13.875  -1.95036e-14
        13.88   2.33245e-13
       13.885   1.29181e-13
        13.89  -3.98456e-13
       13.895   8.35742e-14
         13.9  -1.36593e-13
       13.905   1.14017e-13
        13.91   1.57149e-13
       13.915  -1.78326e-13
        13.92  -4.37693e-14
       13.925   2.45703e-13
        13.93  -3.51697e-13
       13.935   7.53966e-14
        13.94   1.65104e-13
       13.945  -2.02866e-13
        13.95    4.1345e-13
       13.955  -3.80762e-13
        13.96   1.76492e-13
       13.965   5.10971e-14
        13.97   2.63392e-13
       13.975  -7.95069e-15
        13.98   7.20688e-14
       13.985   3.71361e-13
        13.99   -6.2141e-13
       13.995   1.36553e-13
           14  -2.01388e-13
       14.005  -1.03286e-13
        14.01   1.65714e-13
       14.015  -1.13234e-13
        14.02   4.42753e-14
       14.025  -1.77972e-13
        14.03   2.03986e-13
       14.035  -1.43367e-13
        14.04   6.87972e-14
       14.045   5.73278e-15
        14.05   2.04741e-15
       14.055     -2.28e-13
        14.06   1.49487e-13
       14.065  -2.26375e-13
        14.07   9.00119e-14
       14.075    7.6374e-14
        14.08  -1.30412e-13
       14.085   2.89648e-15
        14.09  -3.56532e-15
       14.095  -3.40502e-14
         14.1  -1.86047e-13
       14.105  -1.55521e-14
        14.11   -2.8778e-13
       14.115   3.74662e-13
        14.12  -2.86462e-13
       14.125   7.55619e-14
        14.13  -1.35905e-13
       14.135  -2.19481e-14
        14.14  -7.81072e-14
       14.145   3.74026e-14
        14.15   4.21293e-14
       14.155  -5.09651e-14
        14.16   1.34075e-13
       14.165  -9.37619e-15
        14.17  -3.40025e-13
       14.175   3.50307e-13
        14.18  -4.64285e-13
       14.185   1.00037e-13
        14.19   2.06804e-14
       14.195   1.19173e-13
         14.2  -1.63371e-13
       14.205    8.3411e-14
        14.21  -1.98265e-13
       14.215   4.08081e-13
        14.22  -3.36548e-13
       14.225   4.53574e-13
        14.23  -3.18166e-13
       14.235   3.18417e-13
        14.24  -1.43119e-14
       14.245   5.78133e-14
        14.25   4.05256e-13
       14.255  -7.01912e-14
        14.26   3.29099e-13
       14.265  -3.66876e-13
        14.27   8.74356e-14
       14.275  -1.84887e-13
        14.28   2.07793e-13
       14.285   1.15667e-13
        14.29   1.06035e-13
       14.295   1.80922e-13
         14.3    1.3628e-13
       14.305  -3.34529e-13
        14.31  -1.02114e-13
       14.315   5.29242e-14
        14.32   4.01796e-14
       14.325   1.55519e-15
        14.33  -6.76045e-14
       14.335  -5.95984e-14
        14.34   1.61243e-14
       14.345   1.30572e-13
        14.35  -2.07408e-13
       14.355    1.8654e-13
        14.36  -3.02031e-13
       14.365    3.5387e-13
        14.37  -3.20225e-14
       14.375   1.39954e-13
        14.38   -1.0569e-13
       14.385  -2.16962e-13
        14.39   2.93265e-13
       14.395   -2.3864e-13
         14.4   1.68217e-14
       14.405   1.47532e-13
        14.41   1.70744e-13
       14.415  -9.04142e-14
        14.42  -2.87897e-13
       14.425   1.89148e-13
        14.43  -2.46277e-13
       14.435   3.14083e-13
        14.44  -4.06315e-13
       14.445   1.93465e-13
        14.45  -3.08813e-13
       14.455   3.40316e-13
        14.46  -3.38478e-14
       14.465  -5.04413e-14
        14.47  -2.00181e-13
       14.475   7.63093e-14
        14.48   -4.0784e-14
       14.485   -1.2909e-13
        14.49   1.48058e-13
       14.495   3.55614e-14
         14.5   9.05854e-14
       14.505  -8.66729e-14
        14.51   2.85714e-14
       14.515   2.64924e-13
        14.52   9.73779e-14
       14.525  -1.21946e-13
        14.53   2.16694e-13
       14.535   3.65284e-14
        14.54   5.10957e-15
       14.545  -1.53325e-13
        14.55   2.98708e-13
       14.555  -1.58527e-13
        14.56   6.94541e-14
       14.565  -1.40183e-13
        14.57  -2.70472e-13
       14.575   1.08354e-13
        14.58  -2.74065e-13
       14.585   1.84239e-13
        14.59   -1.8706e-13
       14.595   2.38784e-13
         14.6   8.50967e-14
       14.605  -7.64044e-14
        14.61   1.01542e-13
       14.615   7.11663e-14
        14.62  -4.61618e-14
       14.625  -9.07886e-14
        14.63  -2.56711e-14
       14.635   7.93034e-14
        14.64  -7.60897e-14
       14.645  -5.02317e-14
        14.65    1.8395e-14
       14.655   4.20767e-14
        14.66  -2.75567e-14
       14.665   9.62084e-14
        14.67   2.92648e-13
       14.675  -5.53358e-13
        14.68   2.80176e-13
       14.685  -3.24681e-14
        14.69   2.39541e-13
       14.695  -3.08222e-13
         14.7  -6.95871e-14
       14.705  -2.20496e-13
        14.71   1.96824e-13
       14.715   8.79047e-14
        14.72   3.30017e-14
       14.725  -1.63477e-13
        14.73   3.01755e-13
       14.735  -5.96668e-13
        14.74   1.74044e-13
       14.745   -5.0641e-14
        14.75   2.23528e-13
       14.755  -1.17756e-13
        14.76   -1.3894e-13
       14.765   1.39658e-13
        14.77   -6.8435e-14
       14.775   3.29611e-14
        14.78  -2.15011e-13
       14.785   8.91153e-14
        14.79   3.04257e-13
       14.795  -2.75385e-13
         14.8   1.13184e-13
       14.805   -3.7481e-13
        14.81   3.38703e-13
       14.815  -3.04712e-13
        14.82   2.15558e-13
       14.825  -6.17417e-14
        14.83   6.73402e-14
       14.835  -2.00531e-13
        14.84   1.88208e-13
       14.845  -2.63422e-14
        14.85    2.9506e-13
       14.855  -4.68107e-13
        14.86   1.77764e-13
       14.865  -1.87841e-14
        14.87   3.33005e-13
       14.875  -1.47679e-13
        14.88  -2.26095e-14
       14.885   1.58055e-13
        14.89  -4.51576e-14
       14.895   -1.2232e-13
         14.9   1.84062e-13
       14.905  -1.41542e-13
        14.91   1.52266e-13
       14.915   -1.7193e-13
        14.92  -1.46863e-13
       14.925   -3.6615e-14
        14.93   2.02771e-13
       14.935  -1.50622e-13
        14.94   3.01752e-13
       14.945  -5.12163e-13
        14.95   3.10996e-13
       14.955  -1.34263e-13
        14.96   1.81366e-13
       14.965   1.07019e-13
        14.97  -3.38524e-13
       14.975   3.53571e-13
        14.98  -1.62383e-13
       14.985   8.75594e-14
        14.99  -1.26723e-13
       14.995   1.36054e-13
           15    1.4425e-13
